150
17 (340151)
12 (339601)
12 17 (339569)
18 (339095)
17 18 (339063)
12 18 (338921)
12 17 18 (338889)
16 (332414)
16 17 (332382)
12 16 (332165)
12 16 17 (332133)
16 18 (331648)
16 17 18 (331616)
12 16 18 (331490)
12 16 17 18 (331458)
31 (318014)
17 31 (317988)
12 31 (317536)
12 17 31 (317510)
18 31 (317103)
17 18 31 (317077)
12 18 31 (316960)
12 17 18 31 (316934)
16 31 (312204)
16 17 31 (312178)
12 16 31 (312009)
12 16 17 31 (311983)
16 18 31 (311569)
16 17 18 31 (311543)
12 16 18 31 (311437)
12 16 17 18 31 (311411)
21 (302446)
17 21 (302415)
12 21 (301939)
12 17 21 (301908)
18 21 (301478)
17 18 21 (301447)
12 18 21 (301317)
12 17 18 21 (301286)
29 (299191)
17 29 (299159)
12 29 (298680)
12 17 29 (298648)
18 29 (298197)
17 18 29 (298165)
12 18 29 (298041)
12 17 18 29 (298009)
16 21 (295351)
16 17 21 (295320)
12 16 21 (295134)
12 16 17 21 (295103)
16 18 21 (294663)
16 17 18 21 (294632)
12 16 18 21 (294517)
12 16 17 18 21 (294486)
16 29 (291958)
16 17 29 (291926)
12 16 29 (291738)
12 16 17 29 (291706)
43 (291396)
17 43 (291366)
16 18 29 (291245)
16 17 18 29 (291213)
12 16 18 29 (291104)
12 16 17 18 29 (291072)
12 43 (290899)
12 17 43 (290869)
18 43 (290493)
17 18 43 (290463)
12 18 43 (290341)
12 17 18 43 (290311)
16 43 (285220)
16 17 43 (285190)
12 16 43 (285004)
12 16 17 43 (284974)
16 18 43 (284589)
16 17 18 43 (284559)
12 16 18 43 (284449)
12 16 17 18 43 (284419)
21 31 (284154)
17 21 31 (284129)
27 (284036)
17 27 (284008)
12 21 31 (283729)
12 17 21 31 (283704)
12 27 (283580)
12 17 27 (283552)
18 21 31 (283334)
17 18 21 31 (283309)
12 18 21 31 (283202)
18 27 (283186)
12 17 18 21 31 (283177)
17 18 27 (283158)
12 18 27 (283057)
12 17 18 27 (283029)
29 31 (279681)
17 29 31 (279655)
12 29 31 (279263)
12 17 29 31 (279237)
18 29 31 (278848)
17 18 29 31 (278822)
16 21 31 (278779)
16 17 21 31 (278754)
12 18 29 31 (278720)
12 17 18 29 31 (278694)
12 16 21 31 (278603)
12 16 17 21 31 (278578)
16 18 21 31 (278201)
16 17 18 21 31 (278176)
12 16 18 21 31 (278080)
12 16 17 18 21 31 (278055)
16 27 (277963)
16 17 27 (277935)
12 16 27 (277785)
12 16 17 27 (277757)
16 18 27 (277383)
16 17 18 27 (277355)
12 16 18 27 (277266)
12 16 17 18 27 (277238)
24 (274213)
16 29 31 (274211)
17 24 (274190)
16 17 29 31 (274185)
12 16 29 31 (274039)
12 16 17 29 31 (274013)
12 24 (273759)
12 17 24 (273736)
16 18 29 31 (273617)
16 17 18 29 31 (273591)
12 16 18 29 31 (273500)
12 16 17 18 29 31 (273474)
18 24 (273333)
17 18 24 (273310)
12 18 24 (273193)
12 17 18 24 (273170)
31 43 (273126)
17 31 43 (273101)
15 (272918)
15 17 (272887)
12 31 43 (272718)
12 17 31 43 (272693)
21 27 (272438)
17 21 27 (272410)
12 15 (272399)
12 15 17 (272368)
18 31 43 (272362)
17 18 31 43 (272337)
12 18 31 43 (272239)
12 17 18 31 43 (272214)
12 21 27 (271999)
