1500
39 (50675)
48 (42135)
39 48 (29142)
38 (15596)
32 (15167)
41 (14945)
39 41 (11414)
38 39 (10345)
41 48 (9018)
32 39 (8455)
32 48 (8034)
38 48 (7944)
39 41 48 (7366)
38 39 48 (6102)
32 39 48 (5402)
65 (4472)
38 41 (3897)
89 (3837)
225 (3257)
32 41 (3196)
170 (3099)
38 39 41 (3051)
237 (3032)
170 38 (3031)
36 (2936)
32 38 (2833)
48 89 (2798)
110 (2794)
36 38 (2790)
39 65 (2787)
39 89 (2749)
110 38 (2725)
310 (2594)
48 65 (2529)
38 41 48 (2374)
32 39 41 (2359)
225 39 (2351)
101 (2237)
475 (2167)
39 48 89 (2125)
271 (2094)
32 41 48 (2063)
170 39 (2059)
36 39 (2037)
170 38 39 (2019)
38 39 41 48 (1991)
36 38 39 (1945)
237 39 (1929)
413 (1880)
438 (1863)
310 39 (1852)
32 38 39 (1840)
39 48 65 (1797)
1327 (1786)
147 (1779)
110 39 (1759)
110 38 39 (1740)
225 48 (1736)
270 (1734)
2238 (1715)
310 48 (1692)
237 48 (1682)
32 39 41 48 (1646)
32 38 48 (1646)
79 (1600)
170 48 (1557)
170 38 48 (1538)
39 475 (1500)
60 (1489)
533 (1487)
255 (1474)
12925 (1467)
271 39 (1434)
475 48 (1428)
1146 (1426)
36 48 (1416)
225 39 48 (1400)
101 39 (1400)
110 48 (1380)
185 (1376)
9 (1372)
110 38 48 (1361)
36 38 48 (1360)
310 39 48 (1347)
16010 (1316)
101 48 (1311)
123 (1302)
14098 (1291)
2238 39 (1287)
338 (1274)
39 438 (1260)
237 39 48 (1244)
32 38 39 48 (1236)
592 (1227)
824 (1210)
604 (1209)
170 39 48 (1206)
301 (1204)
270 39 (1194)
170 38 39 48 (1193)
286 (1183)
740 (1181)
16217 (1166)
1393 (1161)
249 (1160)
1327 39 (1156)
15832 (1143)
548 (1137)
147 39 (1137)
413 48 (1135)
201 (1133)
39 413 (1130)
49 (1120)
589 (1119)
36 39 48 (1116)
286 38 (1116)
39 79 (1111)
677 (1110)
1004 (1102)
39 475 48 (1092)
271 48 (1090)
36 38 39 48 (1080)
37 (1074)
78 (1060)
255 48 (1057)
255 39 (1057)
13041 (1051)
37 38 (1046)
110 39 48 (1037)
147 48 (1036)
110 38 39 48 (1031)
117 (1026)
438 48 (1025)
161 (1010)
19 (1005)
179 (998)
41 65 (995)
258 (987)
39 60 (983)
1146 39 (983)
522 (974)
175 (970)
1327 48 (968)
783 (965)
270 48 (957)
2238 48 (955)
3270 (950)
101 39 48 (946)
12925 39 (938)
479 (926)
39 533 (922)
31 (920)
956 (911)
45 (911)
242 (911)
2958 (904)
264 (895)
48 79 (893)
10515 (882)
405 (879)
225 41 (877)
1578 (874)
76 (869)
48 533 (861)
18 (860)
649 (857)
544 (851)
549 (843)
48 49 (843)
39 9 (832)
389 (831)
156 (830)
16010 39 (829)
185 39 (828)
271 39 48 (827)
48 78 (824)
812 (821)
229 (820)
976 (817)
12925 48 (817)
185 48 (816)
48 60 (815)
255 39 48 (813)
103 (812)
1146 48 (811)
703 (806)
32 38 41 (805)
170 41 (805)
1600 (801)
14098 39 (801)
766 (797)
123 48 (797)
170 38 41 (794)
570 (792)
39 41 65 (792)
48 9 (790)
1393 39 (789)
2238 39 48 (788)
371 (782)
39 413 48 (781)
39 438 48 (780)
338 48 (779)
2958 48 (779)
39 604 (775)
39 78 (774)
334 (774)
32 65 (774)
39 49 (768)
371 38 (767)
1435 (765)
107 (765)
38 89 (764)
39 740 (759)
23 (758)
1344 (753)
772 (752)
664 (752)
249 39 (752)
286 39 (750)
48 592 (743)
338 39 (742)
147 39 48 (742)
12929 (742)
806 (741)
270 39 48 (733)
41 89 (732)
16010 48 (730)
286 38 39 (728)
16217 39 (728)
225 39 41 (726)
123 39 (726)
39 592 (723)
488 (720)
1327 39 48 (720)
310 41 (719)
535 (718)
15832 39 (718)
301 39 (715)
32 89 (713)
10 (712)
11 (711)
39 589 (708)
37 39 (707)
681 (704)
55 (704)
39 824 (703)
48 824 (701)
269 (701)
36 41 (700)
39 48 79 (699)
14098 48 (698)
464 (695)
407 (693)
260 (691)
449 (690)
1814 (688)
13041 39 (688)
48 604 (687)
37 38 39 (684)
259 (684)
237 38 (683)
225 38 (681)
270 271 (680)
379 (677)
110 41 (677)
249 48 (675)
396 (674)
201 48 (674)
36 38 41 (671)
201 39 (669)
16011 (669)
1393 48 (669)
1135 (667)
48 677 (666)
110 38 41 (666)
41 48 65 (663)
39 548 (663)
186 (660)
1198 (660)
48 548 (658)
301 48 (658)
38 55 (657)
105 (657)
2958 39 (655)
225 32 (655)
3616 (654)
179 39 (653)
16010 16011 (651)
272 (650)
789 (648)
39 522 (648)
16217 48 (647)
38 65 (643)
340 (643)
258 48 (643)
105 38 (643)
39 783 (640)
39 677 (635)
279 (633)
865 (632)
39 48 533 (632)
175 39 (631)
48 589 (628)
258 39 (628)
809 (626)
310 39 41 (625)
2046 (625)
179 48 (624)
170 39 41 (624)
1146 39 48 (623)
32 38 39 41 (622)
161 39 (622)
251 (621)
39 41 89 (619)
10446 (618)
39 48 49 (617)
170 38 39 41 (615)
1986 (614)
15618 (614)
1004 48 (614)
209 (611)
39 48 78 (610)
441 (609)
39 48 60 (609)
8978 (606)
425 (606)
41 48 89 (606)
13041 48 (602)
675 (601)
117 48 (601)
420 (600)
39 956 (600)
1783 (600)
264 39 (599)
1144 (599)
237 41 (597)
2199 (597)
150 (597)
846 (595)
3270 48 (592)
19 39 (592)
947 (591)
286 48 (591)
19 48 (591)
1715 (590)
4336 (589)
38 39 89 (589)
12925 39 48 (588)
15832 48 (585)
374 (584)
271 41 (584)
267 (584)
1067 (584)
48 783 (583)
1004 39 (583)
48 522 (582)
156 39 (582)
286 38 48 (581)
39 479 (580)
38 48 89 (578)
885 (576)
3270 39 (576)
1578 39 (576)
581 (574)
32 48 89 (573)
36 39 41 (572)
1872 (572)
2437 (571)
878 (570)
41 475 (570)
2958 39 48 (570)
2238 41 (570)
2383 (569)
1239 (569)
237 32 (568)
37 48 (565)
242 39 (564)
39 45 (559)
39 570 (558)
37 38 48 (557)
185 39 48 (555)
117 39 (554)
36 38 39 41 (553)
1043 (551)
2 (549)
39 41 48 65 (547)
310 41 48 (547)
39 48 9 (546)
155 (546)
229 48 (545)
389 39 (544)
916 (543)
913 (543)
62 (543)
310 32 (541)
1135 48 (541)
961 (540)
48 956 (540)
32 38 41 48 (540)
30 (540)
18 39 (540)
170 32 (540)
14098 39 48 (540)
31 39 (538)
225 41 48 (537)
1417 (536)
56 (535)
225 38 39 (535)
12946 (535)
264 48 (534)
371 39 (532)
32 39 89 (532)
170 32 38 (532)
39 649 (531)
39 76 (529)
208 (529)
16010 39 48 (529)
10515 39 (528)
704 (526)
371 38 39 (526)
623 (525)
405 48 (525)
297 (525)
2118 (525)
39 544 (524)
1693 (524)
10515 48 (524)
790 (523)
261 (523)
39 41 48 89 (522)
4883 (521)
48 740 (520)
39 48 604 (520)
910 (519)
855 (519)
161 48 (517)
94 (516)
338 39 48 (516)
398 (515)
39 48 592 (515)
110 39 41 (515)
48 570 (514)
38 56 (514)
571 (513)
48 549 (513)
479 48 (513)
32 39 65 (512)
237 38 39 (512)
23 39 (512)
1355 (512)
103 39 (512)
110 38 39 41 (511)
249 39 48 (510)
53 (509)
123 39 48 (509)
426 (508)
38 790 (508)
270 41 (508)
2284 (508)
1714 (507)
1393 39 48 (507)
334 39 (506)
48 544 (504)
798 (503)
229 39 (503)
52 (501)
1146 41 (501)
39 405 (500)
41 79 (499)
2168 (499)
856 (494)
793 (494)
32 36 (494)
39 806 (493)
31 48 (493)
175 48 (493)
45 48 (492)
39 549 (492)
32 48 65 (492)
170 41 48 (492)
48 649 (490)
345 (490)
48 766 (489)
38 39 65 (488)
2329 (488)
310 39 41 48 (486)
48 76 (485)
1344 39 (485)
270 271 39 (484)
170 38 41 48 (484)
808 (482)
1987 (482)
418 (481)
39 664 (481)
2879 (481)
2399 (481)
2080 (481)
408 (479)
178 (479)
14933 (479)
237 39 41 (477)
39 41 475 (476)
12959 (476)
101 41 (476)
1600 39 (474)
301 39 48 (473)
156 48 (473)
10444 (473)
32 36 38 (472)
2238 39 41 (472)
1479 (472)
11 39 (472)
39 976 (471)
39 812 (471)
39 48 824 (471)
1814 39 (471)
39 766 (470)
271 32 (470)
12929 39 (470)
225 39 41 48 (469)
1578 48 (469)
1677 (468)
48 703 (467)
39 48 548 (467)
38 39 48 89 (467)
1867 (467)
16010 41 (467)
136 (467)
107 48 (467)
432 (466)
225 32 39 (466)
18 48 (465)
1020 (465)
80 (464)
286 39 48 (464)
48 812 (463)
16217 39 48 (463)
11 48 (463)
2184 (462)
2135 (461)
2051 (461)
1659 (459)
1435 39 (459)
1327 41 (459)
286 38 39 48 (458)
1135 39 (458)
48 976 (456)
105 39 (455)
831 (454)
39 703 (453)
281 (453)
39 55 (452)
258 39 48 (452)
179 39 48 (452)
10 39 (452)
32 39 48 89 (451)
271 39 41 (451)
201 39 48 (451)
1814 48 (451)
1704 (450)
1585 (450)
110 32 (449)
105 38 39 (449)
32 38 39 41 48 (448)
1113 (448)
39 789 (447)
32 475 (447)
39 48 677 (446)
272 39 (446)
1404 (446)
490 (445)
47 (444)
1600 48 (444)
13041 39 48 (444)
39 48 589 (443)
334 48 (443)
110 32 38 (443)
48 772 (442)
365 (442)
269 39 (441)
37 39 48 (440)
979 (439)
39 48 783 (439)
269 48 (439)
352 (438)
147 41 (438)
13189 (438)
384 (437)
270 32 (437)
39 396 (436)
15832 39 48 (436)
319 (435)
39 8978 (433)
37 38 39 48 (433)
310 38 (433)
2505 (433)
16217 41 (433)
1435 48 (433)
1062 (433)
591 (432)
48 488 (432)
38 47 (432)
281 38 (432)
2987 (431)
103 48 (431)
9501 (430)
12929 48 (430)
379 39 (429)
830 (428)
547 (428)
41 475 48 (428)
41 438 (428)
260 39 (428)
1158 (428)
514 (427)
16011 39 (427)
1344 48 (427)
10 48 (427)
2523 (426)
16430 (426)
107 39 (426)
39 48 522 (425)
2343 (425)
1126 (425)
1121 (425)
1486 (423)
110 41 48 (423)
1000 (423)
464 48 (422)
407 48 (422)
39 681 (422)
389 48 (422)
38 39 55 (422)
1513 (422)
9555 (421)
48 789 (421)
3799 (421)
15832 41 (421)
351 (420)
2241 (420)
1277 (420)
3616 39 (419)
2056 (419)
170 39 41 48 (419)
16010 16011 39 (419)
1543 (419)
110 38 41 48 (419)
39 407 (418)
10653 (418)
10491 (418)
186 48 (417)
12943 (417)
3270 39 48 (416)
23 48 (416)
1557 (415)
10656 (415)
8985 (414)
41 413 (414)
39 675 (414)
237 38 48 (414)
1986 39 (413)
186 39 (413)
170 38 39 41 48 (413)
842 (412)
694 (412)
415 (412)
39 464 (412)
248 (412)
101 32 (412)
2673 (411)
1066 (411)
2775 (410)
48 535 (409)
3361 (409)
1481 (409)
14099 (409)
12 (409)
425 48 (408)
38 48 65 (408)
340 48 (407)
267 39 (407)
2238 38 (407)
1198 39 (407)
1103 (407)
39 772 (406)
4698 (405)
39 48 956 (405)
246 (405)
2238 225 (405)
39 809 (404)
39 48 570 (404)
176 (404)
264 39 48 (403)
12951 (403)
19 39 48 (402)
279 39 (401)
1052 (401)
39 535 (400)
1361 (400)
270 39 41 (399)
242 48 (399)
2208 (399)
225 38 48 (398)
48 806 (396)
39 425 (396)
341 (396)
340 39 (396)
13443 (396)
225 271 (395)
39 441 (393)
38 475 (393)
39 48 740 (392)
271 38 (392)
2492 (392)
1313 (392)
840 (391)
310 32 48 (391)
1859 (391)
1214 (391)
1146 39 41 (391)
48 865 (390)
270 38 (390)
13041 41 (390)
12935 (390)
39 488 (389)
38 438 (389)
36 41 48 (388)
2515 (388)
48 664 (387)
1003 (387)
1135 39 48 (386)
32 79 (384)
727 (383)
279 48 (383)
2353 (383)
2199 48 (383)
175 39 48 (383)
1257 (383)
715 (382)
449 48 (382)
39 865 (382)
310 32 39 (382)
229 39 48 (382)
10490 (382)
3502 (381)
1004 39 48 (381)
272 48 (380)
259 48 (380)
1327 39 41 (380)
38 840 (379)
260 48 (379)
1930 (379)
1082 (379)
48 681 (378)
396 48 (378)
39 41 79 (378)
117 39 48 (378)
36 38 41 48 (377)
2383 39 (377)
156 39 48 (377)
903 (376)
390 (376)
374 39 (376)
3616 48 (376)
2015 (376)
1198 48 (376)
370 (375)
237 41 48 (375)
2115 (375)
48 675 (374)
259 39 (374)
2187 (374)
16011 48 (374)
1562 (374)
48 809 (373)
10515 39 48 (373)
39 449 (372)
39 41 475 48 (372)
1783 39 (372)
1619 (372)
105 48 (372)
978 (371)
2552 (371)
2238 41 48 (371)
1973 (371)
8691 (369)
817 (369)
785 (369)
730 (369)
371 48 (369)
2991 (369)
270 271 48 (369)
1067 48 (369)
39 581 (368)
267 48 (368)
16010 39 41 (368)
10446 39 (368)
101 39 41 (368)
105 38 48 (367)
734 (366)
7205 (366)
232 (366)
225 32 48 (366)
39 41 438 (365)
371 38 48 (365)
1046 (365)
39 790 (364)
39 56 (364)
150 39 (364)
5051 (363)
237 32 48 (363)
370 38 (362)
16010 16011 48 (362)
39 45 48 (361)
640 (359)
147 32 (359)
39 479 48 (358)
2238 32 (358)
32 39 48 65 (357)
38 39 790 (356)
297 39 (356)
2383 48 (356)
1715 39 (356)
161 39 48 (356)
39 48 549 (355)
768 (354)
39 885 (354)
38 390 (354)
48 581 (353)
2626 (353)
150 48 (353)
829 (352)
424 (352)
38 39 56 (352)
3510 (352)
237 38 39 48 (352)
15618 39 (352)
39 53 (351)
16431 (351)
39 916 (350)
39 48 649 (350)
1715 48 (350)
1578 39 48 (350)
1239 39 (350)
32 438 (349)
261 39 (349)
251 39 (349)
237 32 39 (349)
2284 39 (349)
2199 39 (349)
39 48 544 (348)
379 48 (348)
16430 16431 (348)
2254 (347)
1693 39 (347)
155 39 (347)
1327 38 (347)
110 39 41 48 (347)
610 (346)
497 (346)
271 41 48 (346)
2437 48 (346)
1986 48 (346)
1239 48 (346)
110 38 39 41 48 (346)
11 39 48 (346)
1027 (346)
39 48 76 (345)
39 4336 (345)
2065 (345)
15 (345)
10446 48 (345)
101 38 (345)
993 (344)
48 8978 (344)
39 878 (344)
30 39 (344)
1814 39 48 (344)
1144 39 (344)
36 39 41 48 (343)
2468 (343)
1308 (343)
12933 (342)
1043 39 (342)
441 48 (341)
3904 (341)
2118 48 (341)
1425 (341)
39 420 (340)
39 405 48 (340)
374 48 (340)
1146 32 (340)
10442 (340)
7975 (339)
653 (339)
2633 (339)
2325 (339)
1638 (339)
1444 (339)
12946 39 (339)
1046 32 (339)
251 48 (338)
10525 (338)
4650 (337)
225 38 39 48 (337)
195 (337)
1360 (337)
1081 (337)
643 (336)
41 533 (336)
39 913 (336)
310 38 39 (336)
31 39 48 (336)
147 39 41 (336)
1144 48 (336)
39 48 766 (335)
346 (335)
1783 48 (335)
16217 39 41 (335)
984 (334)
96 (334)
39 426 (334)
36 38 39 41 48 (334)
2894 (334)
38 3904 (333)
334 39 48 (333)
2046 39 (333)
1872 48 (333)
41 48 79 (332)
39 979 (332)
255 41 (332)
2091 (332)
170 32 39 (332)
1185 (332)
1067 39 (332)
39 961 (331)
1872 39 (331)
4336 48 (330)
3827 (330)
261 48 (330)
208 48 (330)
18 39 48 (330)
164 (330)
13334 (330)
101 41 48 (330)
769 (329)
48 798 (329)
48 734 (329)
4393 (329)
751 (328)
39 846 (328)
297 48 (328)
15578 (328)
147 38 (328)
48 961 (327)
426 48 (327)
39 48 789 (327)
2215 (327)
203 (327)
1698 (327)
48 52 (326)
32 413 (326)
208 39 (326)
170 32 38 39 (326)
652 (325)
48 55 (325)
39 855 (325)
39 48 976 (325)
38 39 48 65 (325)
13174 (325)
12982 (325)
1196 (325)
75 (324)
48 947 (324)
4524 (324)
3964 (324)
39 947 (324)
32 36 39 (324)
2495 (324)
2329 48 (324)
2 39 (324)
13032 (324)
1209 (324)
389 39 48 (323)
209 39 (323)
15618 48 (323)
1327 32 (323)
921 (322)
48 53 (322)
39 910 (322)
39 571 (322)
23 39 48 (322)
2238 39 41 48 (322)
15832 39 41 (322)
1529 (322)
107 39 48 (322)
10 39 48 (322)
433 (321)
255 32 (321)
1417 39 (321)
103 39 48 (321)
48 913 (320)
41 824 (320)
398 48 (320)
39 52 (320)
39 47 (320)
39 398 (320)
215 (320)
14933 39 (320)
12929 39 48 (320)
66 (319)
501 (319)
342 (319)
2075 (319)
48 571 (318)
39 41 413 (318)
2629 (318)
622 (317)
262 (317)
2238 225 39 (317)
2135 39 (317)
1714 39 (317)
534 (316)
39 80 (316)
345 48 (316)
3317 (316)
2191 (316)
204 (316)
1693 48 (316)
48 790 (315)
39 623 (315)
270 41 48 (315)
16010 41 48 (315)
1417 48 (315)
65 89 (314)
48 62 (314)
39 831 (314)
1808 (314)
155 48 (314)
1344 39 48 (314)
48 910 (313)
39 4883 (313)
38 79 (313)
38 39 47 (313)
32 39 475 (313)
178 39 (313)
1355 39 (313)
1146 41 48 (313)
39 793 (312)
3759 (312)
237 39 41 48 (312)
209 48 (312)
117 976 (312)
48 916 (311)
48 831 (311)
420 48 (311)
2118 39 (311)
1655 (311)
1333 (311)
13041 39 41 (311)
10943 (311)
48 878 (310)
48 623 (310)
39 48 812 (310)
271 32 39 (310)
269 39 48 (310)
2524 (310)
1034 (310)
48 56 (309)
38 48 55 (309)
309 (309)
2792 (309)
235 (309)
225 271 39 (309)
1987 39 (309)
38 39 475 (308)
32 475 48 (308)
32 36 38 39 (308)
2437 39 (308)
2238 38 39 (308)
2051 39 (308)
170 32 48 (308)
48 885 (307)
48 704 (307)
41 9 (307)
397 (307)
38 48 790 (307)
310 32 39 48 (307)
227 (307)
1659 39 (307)
1600 39 48 (307)
1435 39 48 (307)
1327 41 48 (307)
48 855 (306)
278 (306)
1991 (306)
1677 48 (306)
136 39 (306)
1146 38 (306)
1043 48 (306)
48 4883 (305)
320 (305)
2046 48 (305)
186 39 48 (305)
170 32 38 48 (305)
48 793 (304)
39 407 48 (304)
213 (304)
4207 (303)
41 592 (303)
12981 (303)
989 (302)
39 48 806 (302)
39 48 703 (302)
1956 (302)
1479 39 (302)
12935 48 (302)
10451 (302)
10444 48 (302)
927 (301)
2749 (301)
2364 (301)
2168 39 (301)
14386 (301)
697 (300)
39 94 (300)
345 39 (300)
3316 (300)
32 533 (300)
2425 (300)
242 39 48 (300)
2375 (300)
2051 48 (300)
1939 (300)
166 (300)
4779 (299)
39 425 48 (299)
1489 (299)
504 (298)
310 38 48 (298)
30 48 (298)
225 32 39 48 (298)
1987 48 (298)
185 41 (298)
1281 (298)
5152 (297)
48 846 (297)
38 413 (297)
2505 39 (297)
2054 (297)
682 (296)
4994 (296)
41 438 48 (296)
39 48 664 (296)
2440 (296)
1842 (296)
543 (295)
5 (295)
38 48 56 (295)
371 39 48 (295)
225 270 (295)
1529 38 (295)
1172 (295)
1080 (295)
5074 (294)
48 830 (294)
371 38 39 48 (294)
2184 39 (294)
12925 38 (294)
10515 405 (294)
8068 (293)
48 94 (293)
48 514 (293)
39 418 (293)
2464 (293)
2164 (293)
2135 48 (293)
175 41 (293)
168 (293)
1590 (293)
1146 3616 (293)
10444 39 (293)
2879 39 (292)
267 39 48 (292)
2284 48 (292)
1763 (292)
1585 48 (292)
9579 (291)
39 856 (291)
39 48 675 (291)
270 38 39 (291)
2399 39 (291)
1677 39 (291)
105 39 48 (291)
938 (290)
41 8978 (290)
39 798 (290)
39 48 809 (290)
38 475 48 (290)
271 38 39 (290)
1543 39 (290)
105 38 39 48 (290)
5729 (289)
39 591 (289)
39 464 48 (289)
3294 (289)
185 32 (289)
1282 (289)
5405 (288)
48 8691 (288)
4642 (288)
423 (288)
365 39 (288)
281 39 (288)
2388 (288)
2184 48 (288)
907 (287)
82 (287)
718 (287)
4899 (287)
41 413 48 (287)
39 48 488 (287)
1704 39 (287)
16217 41 48 (287)
1001 (287)
662 (286)
41 604 (286)
39 432 (286)
3668 (286)
3194 (286)
136 48 (286)
12946 48 (286)
110 32 39 (286)
2965 (285)
2635 (285)
248 48 (285)
2241 39 (285)
2080 48 (285)
10551 (285)
1004 32 (285)
412 (284)
3799 39 (284)
2987 48 (284)
270 271 39 48 (284)
234 (284)
2241 48 (284)
1513 39 (284)
110 32 38 39 (284)
1020 39 (284)
511 (283)
39 808 (283)
272 39 48 (283)
1564 (283)
1379 (283)
12951 39 (283)
1280 (283)
2238 271 (282)
1714 48 (282)
39 62 (281)
340 39 48 (281)
2625 (281)
2080 39 (281)
1976 (281)
16010 32 (281)
1590 38 (281)
764 (280)
611 (280)
48 591 (280)
32 548 (280)
2673 48 (280)
2596 (280)
2344 (280)
147 41 48 (280)
48 490 (279)
408 48 (279)
39 704 (279)
39 490 (279)
384 39 (279)
3279 (279)
301 32 (279)
279 39 48 (279)
1269 (279)
4070 (278)
39 408 (278)
39 396 48 (278)
684 (277)
1404 48 (277)
1294 (277)
1291 (277)
1198 39 48 (277)
39 8985 (276)
39 48 8978 (276)
2879 48 (276)
270 32 39 (276)
250 (276)
2399 48 (276)
169 (276)
128 (276)
1188 (276)
4945 (275)
39 9501 (275)
39 48 772 (275)
39 48 681 (275)
39 48 535 (275)
39 41 533 (275)
39 3904 (275)
2573 (275)
248 39 (275)
1867 48 (275)
1741 (275)
16011 39 48 (275)
10420 (275)
805 (274)
615 (274)
47 48 (274)
3315 (274)
281 38 39 (274)
255 39 41 (274)
1867 39 (274)
165 (274)
14933 48 (274)
1327 38 39 (274)
1020 48 (274)
39 978 (273)
2997 (273)
1479 48 (273)
1404 39 (273)
5248 (272)
5124 (272)
39 48 865 (272)
38 39 438 (272)
271 39 41 48 (272)
244 (272)
175 38 (272)
1481 39 (272)
1232 (272)
95 (271)
48 856 (271)
48 80 (271)
39 514 (271)
260 39 48 (271)
255 41 48 (271)
2053 (271)
1096 (271)
563 (270)
4685 (270)
39 41 48 79 (270)
3616 39 48 (270)
319 39 (270)
2383 39 48 (270)
2329 39 (270)
1616 (270)
1602 (270)
1486 48 (270)
10605 (270)
101 32 39 (270)
38 47 48 (269)
281 48 (269)
2523 48 (269)
249 38 (269)
16010 16011 39 48 (269)
38 39 3904 (268)
286 41 (268)
2856 (268)
285 (268)
2 48 (268)
12473 (268)
1062 39 (268)
8867 (267)
48 808 (267)
418 48 (267)
39 694 (267)
255 38 (267)
12935 39 (267)
110 32 48 (267)
48 979 (266)
32 677 (266)
2370 (266)
2199 39 48 (266)
2167 (266)
1903 (266)
13189 39 (266)
116 (266)
1052 48 (266)
1010 (266)
1 (266)
39 41 438 48 (265)
270 32 48 (265)
246 48 (265)
2168 48 (265)
1938 (265)
1183 (265)
10448 (265)
41 60 (264)
39 903 (264)
39 48 581 (264)
3799 48 (264)
3635 (264)
347 (264)
2988 (264)
2763 (264)
2238 270 (264)
1986 39 48 (264)
1786 (264)
1629 (264)
13041 41 48 (264)
117 41 (264)
110 32 38 48 (264)
101 39 41 48 (264)
673 (263)
414 (263)
39 842 (263)
39 4698 (263)
308 (263)
3012 (263)
932 (262)
536 (262)
3462 (262)
344 (262)
32 824 (262)
32 60 (262)
32 36 48 (262)
3151 (262)
205 (262)
1585 39 (262)
12959 39 (262)
753 (261)
749 (261)
587 (261)
4344 (261)
319 48 (261)
2212 (261)
16010 39 41 48 (261)
1361 39 (261)
1014 (261)
757 (260)
550 (260)
39 441 48 (260)
2915 (260)
2420 (260)
2259 (260)
1831 (260)
15832 41 48 (260)
1355 48 (260)
1327 39 41 48 (260)
1146 39 41 48 (260)
1013 (260)
612 (259)
552 (259)
492 (259)
489 (259)
39 8691 (259)
365 48 (259)
3160 (259)
286 38 41 (259)
281 38 48 (259)
246 39 (259)
2015 48 (259)
189 (259)
10513 (259)
647 (258)
4307 (258)
39 390 (258)
3189 (258)
270 39 41 48 (258)
249 41 (258)
2056 48 (258)
1899 (258)
1659 48 (258)
1344 41 (258)
837 (257)
32 592 (257)
2238 32 39 (257)
2225 (257)
206 (257)
2056 39 (257)
1966 (257)
1121 39 (257)
10491 39 (257)
39 830 (256)
3451 (256)
338 41 (256)
301 41 (256)
271 32 48 (256)
2505 48 (256)
237 32 39 48 (256)
167 (256)
1486 39 (256)
1257 39 (256)
1188 38 (256)
1163 (256)
1026 (256)
101 32 48 (256)
987 (255)
576 (255)
415 48 (255)
39 734 (255)
2843 (255)
259 39 48 (255)
150 39 48 (255)
