150
39 (50675)
48 (42135)
39 48 (29142)
38 (15596)
32 (15167)
41 (14945)
39 41 (11414)
38 39 (10345)
41 48 (9018)
32 39 (8455)
32 48 (8034)
38 48 (7944)
39 41 48 (7366)
38 39 48 (6102)
32 39 48 (5402)
65 (4472)
38 41 (3897)
89 (3837)
225 (3257)
32 41 (3196)
170 (3099)
38 39 41 (3051)
237 (3032)
170 38 (3031)
36 (2936)
32 38 (2833)
48 89 (2798)
110 (2794)
36 38 (2790)
39 65 (2787)
39 89 (2749)
110 38 (2725)
310 (2594)
48 65 (2529)
38 41 48 (2374)
32 39 41 (2359)
225 39 (2351)
101 (2237)
475 (2167)
39 48 89 (2125)
271 (2094)
32 41 48 (2063)
170 39 (2059)
36 39 (2037)
170 38 39 (2019)
38 39 41 48 (1991)
36 38 39 (1945)
237 39 (1929)
413 (1880)
438 (1863)
310 39 (1852)
32 38 39 (1840)
39 48 65 (1797)
1327 (1786)
147 (1779)
110 39 (1759)
110 38 39 (1740)
225 48 (1736)
270 (1734)
2238 (1715)
310 48 (1692)
237 48 (1682)
32 39 41 48 (1646)
32 38 48 (1646)
79 (1600)
170 48 (1557)
170 38 48 (1538)
39 475 (1500)
60 (1489)
533 (1487)
255 (1474)
12925 (1467)
271 39 (1434)
475 48 (1428)
1146 (1426)
36 48 (1416)
225 39 48 (1400)
101 39 (1400)
110 48 (1380)
185 (1376)
9 (1372)
110 38 48 (1361)
36 38 48 (1360)
310 39 48 (1347)
16010 (1316)
101 48 (1311)
123 (1302)
14098 (1291)
2238 39 (1287)
338 (1274)
39 438 (1260)
237 39 48 (1244)
32 38 39 48 (1236)
592 (1227)
824 (1210)
604 (1209)
170 39 48 (1206)
301 (1204)
270 39 (1194)
170 38 39 48 (1193)
286 (1183)
740 (1181)
16217 (1166)
1393 (1161)
249 (1160)
1327 39 (1156)
15832 (1143)
548 (1137)
147 39 (1137)
413 48 (1135)
201 (1133)
39 413 (1130)
49 (1120)
589 (1119)
36 39 48 (1116)
286 38 (1116)
39 79 (1111)
677 (1110)
1004 (1102)
39 475 48 (1092)
271 48 (1090)
36 38 39 48 (1080)
37 (1074)
78 (1060)
255 48 (1057)
255 39 (1057)
13041 (1051)
37 38 (1046)
110 39 48 (1037)
147 48 (1036)
110 38 39 48 (1031)
117 (1026)
438 48 (1025)
161 (1010)
19 (1005)
179 (998)
41 65 (995)
258 (987)
39 60 (983)
1146 39 (983)
522 (974)
175 (970)
1327 48 (968)
783 (965)
270 48 (957)
2238 48 (955)
3270 (950)
101 39 48 (946)
12925 39 (938)
479 (926)
