1500
17 (340151)
12 (339601)
12 17 (339569)
18 (339095)
17 18 (339063)
12 18 (338921)
12 17 18 (338889)
16 (332414)
16 17 (332382)
12 16 (332165)
12 16 17 (332133)
16 18 (331648)
16 17 18 (331616)
12 16 18 (331490)
12 16 17 18 (331458)
31 (318014)
17 31 (317988)
12 31 (317536)
12 17 31 (317510)
18 31 (317103)
17 18 31 (317077)
12 18 31 (316960)
12 17 18 31 (316934)
16 31 (312204)
16 17 31 (312178)
12 16 31 (312009)
12 16 17 31 (311983)
16 18 31 (311569)
16 17 18 31 (311543)
12 16 18 31 (311437)
12 16 17 18 31 (311411)
21 (302446)
17 21 (302415)
12 21 (301939)
12 17 21 (301908)
18 21 (301478)
17 18 21 (301447)
12 18 21 (301317)
12 17 18 21 (301286)
29 (299191)
17 29 (299159)
12 29 (298680)
12 17 29 (298648)
18 29 (298197)
17 18 29 (298165)
12 18 29 (298041)
12 17 18 29 (298009)
16 21 (295351)
16 17 21 (295320)
12 16 21 (295134)
12 16 17 21 (295103)
16 18 21 (294663)
16 17 18 21 (294632)
12 16 18 21 (294517)
12 16 17 18 21 (294486)
16 29 (291958)
16 17 29 (291926)
12 16 29 (291738)
12 16 17 29 (291706)
43 (291396)
17 43 (291366)
16 18 29 (291245)
16 17 18 29 (291213)
12 16 18 29 (291104)
12 16 17 18 29 (291072)
12 43 (290899)
12 17 43 (290869)
18 43 (290493)
17 18 43 (290463)
12 18 43 (290341)
12 17 18 43 (290311)
16 43 (285220)
16 17 43 (285190)
12 16 43 (285004)
12 16 17 43 (284974)
16 18 43 (284589)
16 17 18 43 (284559)
12 16 18 43 (284449)
12 16 17 18 43 (284419)
21 31 (284154)
17 21 31 (284129)
27 (284036)
17 27 (284008)
12 21 31 (283729)
12 17 21 31 (283704)
12 27 (283580)
12 17 27 (283552)
18 21 31 (283334)
17 18 21 31 (283309)
12 18 21 31 (283202)
18 27 (283186)
12 17 18 21 31 (283177)
17 18 27 (283158)
12 18 27 (283057)
12 17 18 27 (283029)
29 31 (279681)
17 29 31 (279655)
12 29 31 (279263)
12 17 29 31 (279237)
18 29 31 (278848)
17 18 29 31 (278822)
16 21 31 (278779)
16 17 21 31 (278754)
12 18 29 31 (278720)
12 17 18 29 31 (278694)
12 16 21 31 (278603)
12 16 17 21 31 (278578)
16 18 21 31 (278201)
16 17 18 21 31 (278176)
12 16 18 21 31 (278080)
12 16 17 18 21 31 (278055)
16 27 (277963)
16 17 27 (277935)
12 16 27 (277785)
12 16 17 27 (277757)
16 18 27 (277383)
16 17 18 27 (277355)
12 16 18 27 (277266)
12 16 17 18 27 (277238)
24 (274213)
16 29 31 (274211)
17 24 (274190)
16 17 29 31 (274185)
12 16 29 31 (274039)
12 16 17 29 31 (274013)
12 24 (273759)
12 17 24 (273736)
16 18 29 31 (273617)
16 17 18 29 31 (273591)
12 16 18 29 31 (273500)
12 16 17 18 29 31 (273474)
18 24 (273333)
17 18 24 (273310)
12 18 24 (273193)
12 17 18 24 (273170)
31 43 (273126)
17 31 43 (273101)
15 (272918)
15 17 (272887)
12 31 43 (272718)
12 17 31 43 (272693)
21 27 (272438)
17 21 27 (272410)
12 15 (272399)
12 15 17 (272368)
18 31 43 (272362)
17 18 31 43 (272337)
12 18 31 43 (272239)
12 17 18 31 43 (272214)
12 21 27 (271999)
12 17 21 27 (271971)
15 18 (271948)
15 17 18 (271917)
12 15 18 (271837)
12 15 17 18 (271806)
18 21 27 (271615)
17 18 21 27 (271587)
12 18 21 27 (271492)
12 17 18 21 27 (271464)
28 (270565)
17 28 (270537)
12 28 (270164)
12 17 28 (270136)
18 28 (269629)
17 18 28 (269601)
12 18 28 (269522)
12 17 18 28 (269494)
21 29 (268665)
17 21 29 (268634)
16 31 43 (268464)
16 17 31 43 (268439)
12 16 31 43 (268296)
12 16 17 31 43 (268271)
12 21 29 (268212)
12 17 21 29 (268181)
16 18 31 43 (267936)
16 17 18 31 43 (267911)
16 24 (267887)
16 17 24 (267864)
12 16 18 31 43 (267820)
12 16 17 18 31 43 (267795)
18 21 29 (267772)
17 18 21 29 (267741)
12 16 24 (267690)
12 16 17 24 (267667)
12 18 21 29 (267625)
12 17 18 21 29 (267594)
16 18 24 (267256)
16 17 18 24 (267233)
12 16 18 24 (267128)
12 16 17 18 24 (267105)
15 16 (267037)
15 16 17 (267006)
12 15 16 (266842)
12 15 16 17 (266811)
27 31 (266632)
16 21 27 (266624)
17 27 31 (266610)
16 17 21 27 (266596)
12 16 21 27 (266452)
12 16 17 21 27 (266424)
15 16 18 (266387)
15 16 17 18 (266356)
12 15 16 18 (266283)
12 27 31 (266253)
12 15 16 17 18 (266252)
12 17 27 31 (266231)
16 18 21 27 (266061)
16 17 18 21 27 (266033)
12 16 18 21 27 (265949)
18 27 31 (265923)
12 16 17 18 21 27 (265921)
17 18 27 31 (265901)
12 18 27 31 (265818)
12 17 18 27 31 (265796)
41 (264597)
17 41 (264572)
12 41 (264239)
12 17 41 (264214)
18 41 (263796)
17 18 41 (263771)
12 18 41 (263711)
12 17 18 41 (263686)
16 28 (263284)
16 17 28 (263256)
12 16 28 (263120)
12 16 17 28 (263092)
16 18 28 (262578)
16 17 18 28 (262550)
12 16 18 28 (262482)
12 16 17 18 28 (262454)
16 27 31 (262118)
16 17 27 31 (262096)
16 21 29 (262034)
16 17 21 29 (262003)
12 16 27 31 (261975)
12 16 17 27 31 (261953)
12 16 21 29 (261839)
12 16 17 21 29 (261808)
16 18 27 31 (261640)
16 17 18 27 31 (261618)
12 16 18 27 31 (261543)
12 16 17 18 27 31 (261521)
16 18 21 29 (261389)
16 17 18 21 29 (261358)
12 16 18 21 29 (261257)
12 16 17 18 21 29 (261226)
16 41 (259507)
16 17 41 (259482)
12 16 41 (259377)
12 16 17 41 (259352)
16 18 41 (258933)
16 17 18 41 (258908)
12 16 18 41 (258854)
12 16 17 18 41 (258829)
25 (258434)
17 25 (258408)
21 43 (258402)
17 21 43 (258373)
12 21 43 (257969)
12 17 21 43 (257940)
12 25 (257882)
12 17 25 (257856)
18 21 43 (257603)
17 18 21 43 (257574)
18 25 (257502)
17 18 25 (257476)
12 18 21 43 (257462)
12 17 18 21 43 (257433)
15 31 (257417)
15 17 31 (257392)
12 18 25 (257358)
12 17 18 25 (257332)
24 31 (257123)
17 24 31 (257106)
12 15 31 (256994)
12 15 17 31 (256969)
12 24 31 (256742)
12 17 24 31 (256725)
28 31 (256653)
17 28 31 (256630)
15 18 31 (256594)
15 17 18 31 (256569)
12 15 18 31 (256506)
12 15 17 18 31 (256481)
18 24 31 (256373)
17 18 24 31 (256356)
21 27 31 (256335)
12 28 31 (256319)
17 21 27 31 (256313)
12 17 28 31 (256296)
12 18 24 31 (256259)
12 17 18 24 31 (256242)
29 43 (256190)
17 29 43 (256160)
12 21 27 31 (255968)
12 17 21 27 31 (255946)
18 28 31 (255868)
17 18 28 31 (255845)
12 18 28 31 (255774)
12 29 43 (255756)
12 17 18 28 31 (255751)
12 17 29 43 (255726)
18 21 27 31 (255647)
17 18 21 27 31 (255625)
12 18 21 27 31 (255547)
12 17 18 21 27 31 (255525)
31 41 (255404)
17 31 41 (255382)
18 29 43 (255368)
17 18 29 43 (255338)
12 18 29 43 (255234)
12 17 18 29 43 (255204)
12 31 41 (255065)
12 17 31 41 (255043)
18 31 41 (254663)
17 18 31 41 (254641)
12 18 31 41 (254584)
12 17 18 31 41 (254562)
15 16 31 (253049)
15 16 17 31 (253024)
16 25 (252960)
16 17 25 (252934)
12 15 16 31 (252901)
12 15 16 17 31 (252876)
16 21 43 (252747)
12 16 25 (252737)
16 17 21 43 (252718)
12 16 17 25 (252711)
12 16 21 43 (252559)
12 16 17 21 43 (252530)
15 16 18 31 (252500)
15 16 17 18 31 (252475)
12 15 16 18 31 (252415)
21 29 31 (252402)
12 15 16 17 18 31 (252390)
17 21 29 31 (252377)
16 24 31 (252352)
16 18 25 (252345)
16 17 24 31 (252335)
16 17 18 25 (252319)
12 16 18 25 (252213)
12 16 24 31 (252198)
12 16 17 18 25 (252187)
16 18 21 43 (252185)
12 16 17 24 31 (252181)
16 17 18 21 43 (252156)
12 16 18 21 43 (252055)
12 16 17 18 21 43 (252026)
12 21 29 31 (252023)
12 17 21 29 31 (251998)
16 21 27 31 (251980)
16 17 21 27 31 (251958)
12 16 21 27 31 (251842)
16 18 24 31 (251825)
12 16 17 21 27 31 (251820)
16 17 18 24 31 (251808)
12 16 18 24 31 (251718)
12 16 17 18 24 31 (251701)
18 21 29 31 (251644)
17 18 21 29 31 (251619)
12 18 21 29 31 (251524)
16 18 21 27 31 (251516)
12 17 18 21 29 31 (251499)
16 17 18 21 27 31 (251494)
12 16 18 21 27 31 (251424)
12 16 17 18 21 27 31 (251402)
16 28 31 (251224)
16 17 28 31 (251201)
12 16 28 31 (251092)
12 16 17 28 31 (251069)
16 31 41 (250992)
16 17 31 41 (250970)
12 16 31 41 (250872)
12 16 17 31 41 (250850)
16 18 28 31 (250637)
16 17 18 28 31 (250614)
12 16 18 28 31 (250550)
12 16 17 18 28 31 (250527)
16 18 31 41 (250469)
16 29 43 (250450)
16 17 18 31 41 (250447)
16 17 29 43 (250420)
12 16 18 31 41 (250395)
12 16 17 18 31 41 (250373)
12 16 29 43 (250262)
12 16 17 29 43 (250232)
16 18 29 43 (249866)
16 17 18 29 43 (249836)
12 16 18 29 43 (249743)
12 16 17 18 29 43 (249713)
27 29 (249682)
17 27 29 (249654)
12 27 29 (249285)
12 17 27 29 (249257)
18 27 29 (248907)
17 18 27 29 (248879)
12 18 27 29 (248794)
12 17 18 27 29 (248766)
16 21 29 31 (247325)
16 17 21 29 31 (247300)
12 16 21 29 31 (247166)
12 16 17 21 29 31 (247141)
16 18 21 29 31 (246780)
16 17 18 21 29 31 (246755)
12 16 18 21 29 31 (246671)
12 16 17 18 21 29 31 (246646)
59 (246294)
17 59 (246273)
12 59 (246228)
12 17 59 (246207)
18 59 (245825)
17 18 59 (245804)
12 18 59 (245766)
12 17 18 59 (245745)
16 27 29 (244082)
16 17 27 29 (244054)
12 16 27 29 (243926)
12 16 17 27 29 (243898)
16 18 27 29 (243541)
16 17 18 27 29 (243513)
12 16 18 27 29 (243439)
21 31 43 (243422)
12 16 17 18 27 29 (243411)
17 21 31 43 (243398)
27 43 (243163)
17 27 43 (243137)
15 21 (243119)
15 17 21 (243089)
12 21 31 43 (243060)
12 17 21 31 43 (243036)
12 27 43 (242772)
12 17 27 43 (242746)
18 21 31 43 (242740)
17 18 21 31 43 (242716)
12 15 21 (242672)
12 15 17 21 (242642)
12 18 21 31 43 (242626)
12 17 18 21 31 43 (242602)
18 27 43 (242454)
17 18 27 43 (242428)
16 59 (242341)
12 18 27 43 (242338)
16 17 59 (242320)
12 17 18 27 43 (242312)
12 16 59 (242288)
12 16 17 59 (242267)
15 18 21 (242265)
15 17 18 21 (242235)
24 29 (242229)
17 24 29 (242206)
12 15 18 21 (242164)
21 24 (242140)
12 15 17 18 21 (242134)
17 21 24 (242118)
16 18 59 (241880)
16 17 18 59 (241859)
12 24 29 (241834)
12 16 18 59 (241828)
12 17 24 29 (241811)
12 16 17 18 59 (241807)
12 21 24 (241746)
12 17 21 24 (241724)
18 24 29 (241425)
17 18 24 29 (241402)
18 21 24 (241360)
17 18 21 24 (241338)
12 18 24 29 (241303)
12 17 18 24 29 (241280)
12 18 21 24 (241231)
12 17 18 21 24 (241209)
25 31 (240490)
17 25 31 (240469)
31 59 (240296)
17 31 59 (240277)
21 27 29 (240270)
17 21 27 29 (240242)
12 31 59 (240231)
12 17 31 59 (240212)
29 31 43 (240102)
17 29 31 43 (240077)
12 25 31 (240037)
12 17 25 31 (240016)
12 21 27 29 (239883)
18 31 59 (239855)
12 17 21 27 29 (239855)
17 18 31 59 (239836)
12 18 31 59 (239797)
12 17 18 31 59 (239778)
12 29 31 43 (239749)
12 17 29 31 43 (239724)
18 25 31 (239702)
17 18 25 31 (239681)
12 18 25 31 (239584)
12 17 18 25 31 (239563)
18 21 27 29 (239517)
17 18 21 27 29 (239489)
18 29 31 43 (239409)
12 18 21 27 29 (239407)
17 18 29 31 43 (239384)
12 17 18 21 27 29 (239379)
12 18 29 31 43 (239301)
12 17 18 29 31 43 (239276)
16 21 31 43 (239101)
16 17 21 31 43 (239077)
15 29 (239070)
8 (239061)
17 8 (239041)
15 17 29 (239039)
12 16 21 31 43 (238949)
12 16 17 21 31 43 (238925)
12 8 (238657)
12 17 8 (238637)
16 18 21 31 43 (238625)
12 15 29 (238616)
16 17 18 21 31 43 (238601)
12 15 17 29 (238585)
12 16 18 21 31 43 (238518)
12 16 17 18 21 31 43 (238494)
16 27 43 (238376)
16 17 27 43 (238350)
18 8 (238295)
17 18 8 (238275)
12 16 27 43 (238219)
12 16 17 27 43 (238193)
15 18 29 (238189)
12 18 8 (238172)
15 17 18 29 (238158)
12 17 18 8 (238152)
12 15 18 29 (238090)
12 15 17 18 29 (238059)
16 18 27 43 (237893)
16 17 18 27 43 (237867)
15 16 21 (237810)
12 16 18 27 43 (237787)
15 16 17 21 (237780)
12 16 17 18 27 43 (237761)
12 15 16 21 (237644)
12 15 16 17 21 (237614)
15 16 18 21 (237234)
15 16 17 18 21 (237204)
12 15 16 18 21 (237139)
12 15 16 17 18 21 (237109)
24 43 (236664)
17 24 43 (236642)
16 31 59 (236642)
16 17 31 59 (236623)
12 16 31 59 (236590)
12 16 17 31 59 (236571)
24 8 (236502)
17 24 8 (236482)
21 28 (236403)
16 21 24 (236383)
16 25 31 (236378)
17 21 28 (236376)
16 17 21 24 (236361)
16 17 25 31 (236357)
16 24 29 (236321)
16 17 24 29 (236298)
12 24 43 (236273)
12 17 24 43 (236251)
12 16 21 24 (236211)
16 18 31 59 (236209)
12 16 25 31 (236206)
16 17 18 31 59 (236190)
12 16 17 21 24 (236189)
12 16 17 25 31 (236185)
12 16 18 31 59 (236158)
12 16 24 29 (236150)
12 16 17 18 31 59 (236139)
12 16 17 24 29 (236127)
12 24 8 (236101)
12 17 24 8 (236081)
21 41 (236070)
12 21 28 (236066)
17 21 41 (236045)
12 17 21 28 (236039)
18 24 43 (235929)
17 18 24 43 (235907)
16 18 25 31 (235862)
16 17 18 25 31 (235841)
16 18 21 24 (235818)
29 41 (235808)
12 18 24 43 (235806)
16 17 18 21 24 (235796)
12 17 18 24 43 (235784)
17 29 41 (235783)
12 21 41 (235756)
12 16 18 25 31 (235753)
18 24 8 (235747)
16 18 24 29 (235734)
12 16 17 18 25 31 (235732)
12 17 21 41 (235731)
17 18 24 8 (235727)
16 29 31 43 (235727)
16 17 18 24 29 (235711)
16 17 29 31 43 (235702)
12 16 18 21 24 (235700)
12 16 17 18 21 24 (235678)
12 18 24 8 (235624)
12 16 18 24 29 (235623)
12 17 18 24 8 (235604)
12 16 17 18 24 29 (235600)
12 16 29 31 43 (235582)
18 21 28 (235574)
12 16 17 29 31 43 (235557)
17 18 21 28 (235547)
12 29 41 (235490)
28 29 (235484)
12 18 21 28 (235478)
12 17 29 41 (235465)
17 28 29 (235456)
12 17 18 21 28 (235451)
18 21 41 (235349)
17 18 21 41 (235324)
12 18 21 41 (235269)
12 17 18 21 41 (235244)
16 18 29 31 43 (235238)
16 17 18 29 31 43 (235213)
12 16 18 29 31 43 (235137)
12 28 29 (235135)
12 16 17 18 29 31 43 (235112)
12 17 28 29 (235107)
18 29 41 (235067)
17 18 29 41 (235042)
12 18 29 41 (234992)
12 17 18 29 41 (234967)
16 21 27 29 (234896)
16 17 21 27 29 (234868)
12 16 21 27 29 (234744)
12 16 17 21 27 29 (234716)
1 (234704)
1 17 (234687)
18 28 29 (234630)
17 18 28 29 (234602)
12 18 28 29 (234533)
12 17 18 28 29 (234505)
1 12 (234461)
1 12 17 (234444)
27 29 31 (234438)
17 27 29 31 (234416)
16 18 21 27 29 (234371)
16 17 18 21 27 29 (234343)
12 16 18 21 27 29 (234272)
12 16 17 18 21 27 29 (234244)
1 18 (234154)
1 17 18 (234137)
12 27 29 31 (234109)
12 17 27 29 31 (234087)
1 12 18 (234049)
1 12 17 18 (234032)
18 27 29 31 (233792)
17 18 27 29 31 (233770)
15 43 (233709)
12 18 27 29 31 (233700)
15 17 43 (233680)
12 17 18 27 29 31 (233678)
21 27 43 (233648)
17 21 27 43 (233622)
15 16 29 (233619)
16 8 (233600)
15 16 17 29 (233588)
16 17 8 (233580)
12 15 16 29 (233447)
12 16 8 (233420)
12 15 16 17 29 (233416)
12 16 17 8 (233400)
12 21 27 43 (233271)
12 15 43 (233264)
12 17 21 27 43 (233245)
12 15 17 43 (233235)
16 18 8 (233049)
16 17 18 8 (233029)
15 16 18 29 (233017)
15 16 17 18 29 (232986)
18 21 27 43 (232963)
17 18 21 27 43 (232937)
12 16 18 8 (232937)
12 15 16 18 29 (232924)
12 16 17 18 8 (232917)
15 18 43 (232899)
12 15 16 17 18 29 (232893)
15 17 18 43 (232870)
12 18 21 27 43 (232852)
12 17 18 21 27 43 (232826)
12 15 18 43 (232799)
12 15 17 18 43 (232770)
28 43 (232622)
17 28 43 (232596)
12 28 43 (232281)
12 17 28 43 (232255)
18 28 43 (231845)
17 18 28 43 (231819)
12 18 28 43 (231754)
12 17 18 28 43 (231728)
16 24 43 (231606)
16 17 24 43 (231584)
12 16 24 43 (231434)
12 16 17 24 43 (231412)
16 21 41 (231369)
16 17 21 41 (231344)
12 16 21 41 (231253)
12 16 17 21 41 (231228)
16 24 8 (231143)
16 17 24 8 (231123)
16 18 24 43 (231083)
16 17 18 24 43 (231061)
16 29 41 (230970)
12 16 18 24 43 (230970)
12 16 24 8 (230965)
12 16 17 18 24 43 (230948)
16 17 29 41 (230945)
12 16 17 24 8 (230945)
1 16 (230898)
1 16 17 (230881)
12 16 29 41 (230854)
16 18 21 41 (230846)
12 16 17 29 41 (230829)
16 17 18 21 41 (230821)
12 16 18 21 41 (230771)
1 12 16 (230754)
12 16 17 18 21 41 (230746)
1 12 16 17 (230737)
16 18 24 8 (230602)
16 17 18 24 8 (230582)
15 27 (230562)
15 17 27 (230535)
12 16 18 24 8 (230490)
12 16 17 18 24 8 (230470)
1 16 18 (230439)
16 18 29 41 (230431)
1 16 17 18 (230422)
16 17 18 29 41 (230406)
12 16 18 29 41 (230361)
1 12 16 18 (230344)
12 16 17 18 29 41 (230336)
1 12 16 17 18 (230327)
15 21 31 (230314)
15 17 21 31 (230290)
16 27 29 31 (230223)
16 17 27 29 31 (230201)
22 (230180)
17 22 (230160)
12 15 27 (230155)
12 15 17 27 (230128)
12 16 27 29 31 (230098)
12 22 (230077)
12 16 17 27 29 31 (230076)
12 17 22 (230057)
12 15 21 31 (229941)
12 15 17 21 31 (229917)
15 18 27 (229815)
15 17 18 27 (229788)
16 18 27 29 31 (229776)
16 21 28 (229761)
16 17 18 27 29 31 (229754)
18 22 (229746)
12 15 18 27 (229735)
16 17 21 28 (229734)
17 18 22 (229726)
12 15 17 18 27 (229708)
12 16 18 27 29 31 (229692)
12 16 17 18 27 29 31 (229670)
12 18 22 (229643)
21 29 43 (229625)
12 17 18 22 (229623)
12 16 21 28 (229623)
41 43 (229618)
17 21 29 43 (229596)
12 16 17 21 28 (229596)
17 41 43 (229594)
15 18 21 31 (229578)
15 17 18 21 31 (229554)
12 15 18 21 31 (229498)
12 15 17 18 21 31 (229474)
12 41 43 (229313)
12 17 41 43 (229289)
12 21 29 43 (229240)
12 17 21 29 43 (229211)
16 18 21 28 (229125)
16 17 18 21 28 (229098)
21 31 41 (229073)
17 21 31 41 (229051)
12 16 18 21 28 (229039)
16 21 27 43 (229018)
12 16 17 18 21 28 (229012)
16 17 21 27 43 (228992)
15 16 43 (228955)
18 41 43 (228933)
15 16 17 43 (228926)
17 18 41 43 (228909)
27 31 43 (228902)
18 21 29 43 (228890)
17 27 31 43 (228881)
12 16 21 27 43 (228866)
12 18 41 43 (228862)
17 18 21 29 43 (228861)
12 16 17 21 27 43 (228840)
12 17 18 41 43 (228838)
12 15 16 43 (228785)
12 21 31 41 (228769)
12 18 21 29 43 (228763)
12 15 16 17 43 (228756)
12 17 21 31 41 (228747)
12 17 18 21 29 43 (228734)
16 28 29 (228696)
16 17 28 29 (228668)
12 27 31 43 (228576)
12 17 27 31 43 (228555)
16 18 21 27 43 (228551)
12 16 28 29 (228550)
16 17 18 21 27 43 (228525)
12 16 17 28 29 (228522)
12 16 18 21 27 43 (228449)
12 16 17 18 21 27 43 (228423)
15 16 18 43 (228415)
18 21 31 41 (228399)
15 16 17 18 43 (228386)
17 18 21 31 41 (228377)
12 18 21 31 41 (228324)
12 15 16 18 43 (228321)
18 27 31 43 (228305)
12 17 18 21 31 41 (228302)
12 15 16 17 18 43 (228292)
17 18 27 31 43 (228284)
12 18 27 31 43 (228211)
12 17 18 27 31 43 (228190)
16 18 28 29 (228039)
21 24 31 (228016)
16 17 18 28 29 (228011)
17 21 24 31 (228000)
12 16 18 28 29 (227952)
12 16 17 18 28 29 (227924)
29 31 41 (227793)
17 29 31 41 (227771)
12 21 24 31 (227681)
12 17 21 24 31 (227665)
12 29 31 41 (227493)
12 17 29 31 41 (227471)
18 21 24 31 (227344)
17 18 21 24 31 (227328)
12 18 21 24 31 (227240)
12 17 18 21 24 31 (227224)
18 29 31 41 (227107)
17 18 29 31 41 (227085)
24 29 31 (227064)
17 24 29 31 (227047)
12 18 29 31 41 (227037)
12 17 18 29 31 41 (227015)
16 28 43 (226808)
16 17 28 43 (226782)
12 24 29 31 (226732)
12 17 24 29 31 (226715)
12 16 28 43 (226668)
12 16 17 28 43 (226642)
18 24 29 31 (226377)
17 18 24 29 31 (226360)
15 16 21 31 (226311)
24 27 (226287)
15 16 17 21 31 (226287)
12 18 24 29 31 (226278)
17 24 27 (226267)
12 17 18 24 29 31 (226261)
16 18 28 43 (226225)
16 17 18 28 43 (226199)
12 15 16 21 31 (226179)
15 16 27 (226172)
12 15 16 17 21 31 (226155)
15 16 17 27 (226145)
12 16 18 28 43 (226143)
12 16 17 18 28 43 (226117)
21 27 29 31 (226077)
17 21 27 29 31 (226055)
12 15 16 27 (226036)
1 31 (226026)
1 17 31 (226011)
12 15 16 17 27 (226009)
12 24 27 (225937)
12 17 24 27 (225917)
16 22 (225910)
16 17 22 (225890)
1 12 31 (225861)
1 12 17 31 (225846)
12 16 22 (225818)
15 16 18 21 31 (225815)
12 16 17 22 (225798)
15 16 17 18 21 31 (225791)
12 21 27 29 31 (225755)
12 15 16 18 21 31 (225738)
12 17 21 27 29 31 (225733)
12 15 16 17 18 21 31 (225714)
15 16 18 27 (225693)
15 16 17 18 27 (225666)
12 15 16 18 27 (225618)
18 24 27 (225616)
17 18 24 27 (225596)
12 15 16 17 18 27 (225591)
1 18 31 (225577)
1 17 18 31 (225562)
15 29 31 (225551)
15 17 29 31 (225526)
12 18 24 27 (225514)
12 17 18 24 27 (225494)
1 12 18 31 (225487)
21 28 31 (225482)
16 18 22 (225478)
1 12 17 18 31 (225472)
17 21 28 31 (225460)
16 41 43 (225458)
16 17 18 22 (225458)
18 21 27 29 31 (225448)
16 17 41 43 (225434)
17 18 21 27 29 31 (225426)
12 16 18 22 (225386)
12 16 17 18 22 (225366)
12 18 21 27 29 31 (225359)
12 16 41 43 (225349)
12 17 18 21 27 29 31 (225337)
12 16 17 41 43 (225325)
16 27 31 43 (225312)
16 17 27 31 43 (225291)
12 21 28 31 (225195)
12 16 27 31 43 (225185)
12 15 29 31 (225182)
12 17 21 28 31 (225173)
12 16 17 27 31 43 (225164)
12 15 17 29 31 (225157)
16 18 41 43 (224968)
25 43 (224947)
16 21 31 41 (224944)
16 17 18 41 43 (224944)
17 25 43 (224923)
16 17 21 31 41 (224922)
16 18 27 31 43 (224910)
12 16 18 41 43 (224901)
16 17 18 27 31 43 (224889)
12 16 17 18 41 43 (224877)
12 16 21 31 41 (224834)
12 16 18 27 31 43 (224822)
12 16 17 21 31 41 (224812)
15 18 29 31 (224802)
12 16 17 18 27 31 43 (224801)
18 21 28 31 (224780)
15 17 18 29 31 (224777)
17 18 21 28 31 (224758)
12 15 18 29 31 (224723)
12 15 17 18 29 31 (224698)
12 18 21 28 31 (224695)
12 17 18 21 28 31 (224673)
12 25 43 (224477)
16 18 21 31 41 (224463)
12 17 25 43 (224453)
16 17 18 21 31 41 (224441)
12 16 18 21 31 41 (224393)
12 16 17 18 21 31 41 (224371)
16 21 29 43 (224351)
16 17 21 29 43 (224322)
31 8 (224236)
17 31 8 (224221)
25 29 (224211)
17 25 29 (224185)
12 16 21 29 43 (224184)
18 25 43 (224167)
12 16 17 21 29 43 (224155)
17 18 25 43 (224143)
21 25 (224117)
17 21 25 (224092)
12 18 25 43 (224042)
12 17 18 25 43 (224018)
12 31 8 (223899)
12 17 31 8 (223884)
16 18 21 29 43 (223826)
16 17 18 21 29 43 (223797)
12 25 29 (223729)
12 16 18 21 29 43 (223710)
12 17 25 29 (223703)
12 16 17 18 21 29 43 (223681)
28 29 31 (223642)
12 21 25 (223640)
17 28 29 31 (223619)
16 21 24 31 (223619)
12 17 21 25 (223615)
16 17 21 24 31 (223603)
18 31 8 (223586)
17 18 31 8 (223571)
16 29 31 41 (223571)
27 41 (223549)
16 17 29 31 41 (223549)
17 27 41 (223527)
12 18 31 8 (223486)
12 16 21 24 31 (223482)
12 17 18 31 8 (223471)
12 16 17 21 24 31 (223466)
12 16 29 31 41 (223465)
12 16 17 29 31 41 (223443)
18 25 29 (223363)
12 28 29 31 (223354)
17 18 25 29 (223337)
12 17 28 29 31 (223331)
18 21 25 (223300)
17 18 21 25 (223275)
12 27 41 (223266)
12 17 27 41 (223244)
12 18 25 29 (223236)
12 17 18 25 29 (223210)
12 18 21 25 (223169)
12 17 18 21 25 (223144)
16 18 21 24 31 (223141)
16 17 18 21 24 31 (223125)
16 18 29 31 41 (223078)
16 17 18 29 31 41 (223056)
12 16 18 21 24 31 (223044)
12 16 17 18 21 24 31 (223028)
12 16 18 29 31 41 (223013)
12 16 17 18 29 31 41 (222991)
18 28 29 31 (222926)
18 27 41 (222918)
17 18 28 29 31 (222903)
17 18 27 41 (222896)
1 16 31 (222867)
12 18 27 41 (222857)
1 16 17 31 (222852)
12 18 28 29 31 (222841)
12 17 18 27 41 (222835)
12 17 18 28 29 31 (222818)
1 12 16 31 (222761)
1 12 16 17 31 (222746)
21 59 (222618)
24 31 43 (222613)
17 21 59 (222597)
17 24 31 43 (222596)
16 24 29 31 (222560)
12 21 59 (222554)
16 17 24 29 31 (222543)
12 17 21 59 (222533)
1 16 18 31 (222473)
1 16 17 18 31 (222458)
27 28 (222446)
12 16 24 29 31 (222426)
17 27 28 (222422)
12 16 17 24 29 31 (222409)
1 12 16 18 31 (222389)
1 12 16 17 18 31 (222374)
12 24 31 43 (222285)
12 17 24 31 43 (222268)
18 21 59 (222180)
17 18 21 59 (222159)
12 27 28 (222143)
12 18 21 59 (222123)
12 17 27 28 (222119)
12 17 18 21 59 (222102)
16 18 24 29 31 (222067)
16 17 18 24 29 31 (222050)
16 21 27 29 31 (222004)
16 17 21 27 29 31 (221982)
18 24 31 43 (221976)
12 16 18 24 29 31 (221975)
24 31 8 (221968)
17 18 24 31 43 (221959)
12 16 17 18 24 29 31 (221958)
17 24 31 8 (221953)
12 16 21 27 29 31 (221882)
12 18 24 31 43 (221878)
12 17 18 24 31 43 (221861)
12 16 17 21 27 29 31 (221860)
31 41 43 (221809)
17 31 41 43 (221788)
18 27 28 (221725)
17 18 27 28 (221701)
12 18 27 28 (221651)
12 24 31 8 (221633)
12 17 18 27 28 (221627)
12 17 24 31 8 (221618)
16 18 21 27 29 31 (221570)
16 17 18 21 27 29 31 (221548)
12 31 41 43 (221520)
12 17 31 41 43 (221499)
12 16 18 21 27 29 31 (221489)
12 16 17 18 21 27 29 31 (221467)
15 16 29 31 (221452)
15 16 17 29 31 (221427)
16 24 27 (221409)
16 17 24 27 (221389)
18 24 31 8 (221325)
12 15 16 29 31 (221321)
17 18 24 31 8 (221310)
12 15 16 17 29 31 (221296)
12 16 24 27 (221270)
12 16 17 24 27 (221250)
12 18 24 31 8 (221225)
12 17 18 24 31 8 (221210)
18 31 41 43 (221173)
17 18 31 41 43 (221152)
28 31 43 (221118)
12 18 31 41 43 (221107)
17 28 31 43 (221096)
12 17 18 31 41 43 (221086)
16 18 24 27 (220942)
15 16 18 29 31 (220940)
16 17 18 24 27 (220922)
15 16 17 18 29 31 (220915)
15 21 27 (220906)
15 17 21 27 (220879)
15 31 43 (220869)
12 15 16 18 29 31 (220864)
12 16 18 24 27 (220850)
15 17 31 43 (220845)
12 15 16 17 18 29 31 (220839)
12 28 31 43 (220833)
12 16 17 18 24 27 (220830)
12 17 28 31 43 (220811)
63 (220658)
17 63 (220632)
12 15 21 27 (220516)
12 15 31 43 (220507)
12 15 17 21 27 (220489)
12 15 17 31 43 (220483)
16 21 28 31 (220464)
18 28 31 43 (220459)
16 25 43 (220450)
16 17 21 28 31 (220442)
17 18 28 31 43 (220437)
16 17 25 43 (220426)
12 18 28 31 43 (220380)
21 27 31 43 (220378)
12 17 18 28 31 43 (220358)
17 21 27 31 43 (220357)
12 16 21 28 31 (220347)
12 16 17 21 28 31 (220325)
12 63 (220294)
12 17 63 (220268)
12 16 25 43 (220259)
12 16 17 25 43 (220235)
15 18 21 27 (220184)
15 18 31 43 (220177)
15 17 18 21 27 (220157)
15 17 18 31 43 (220153)
16 31 8 (220115)
12 15 18 21 27 (220110)
16 17 31 8 (220100)
12 15 18 31 43 (220100)
12 15 17 18 21 27 (220083)
12 15 17 18 31 43 (220076)
12 21 27 31 43 (220062)
12 17 21 27 31 43 (220041)
12 16 31 8 (219975)
12 16 17 31 8 (219960)
18 63 (219953)
16 18 25 43 (219939)
16 18 21 28 31 (219928)
17 18 63 (219927)
16 17 18 25 43 (219915)
16 17 18 21 28 31 (219906)
12 16 18 21 28 31 (219850)
12 18 63 (219839)
12 16 17 18 21 28 31 (219828)
12 16 18 25 43 (219824)
12 17 18 63 (219813)
18 21 27 31 43 (219801)
12 16 17 18 25 43 (219800)
17 18 21 27 31 43 (219780)
29 59 (219779)
17 29 59 (219758)
12 29 59 (219717)
12 18 21 27 31 43 (219711)
12 17 29 59 (219696)
12 17 18 21 27 31 43 (219690)
16 18 31 8 (219657)
16 17 18 31 8 (219642)
16 27 41 (219573)
12 16 18 31 8 (219563)
16 17 27 41 (219551)
12 16 17 18 31 8 (219548)
12 16 27 41 (219484)
12 16 17 27 41 (219462)
43 59 (219408)
17 43 59 (219387)
12 43 59 (219351)
22 31 (219339)
18 29 59 (219332)
12 17 43 59 (219330)
17 22 31 (219324)
17 18 29 59 (219311)
12 18 29 59 (219276)
12 17 18 29 59 (219255)
12 22 31 (219250)
12 17 22 31 (219235)
24 28 (219189)
16 21 25 (219173)
17 24 28 (219168)
16 17 21 25 (219148)
16 18 27 41 (219135)
16 25 29 (219120)
16 17 18 27 41 (219113)
16 17 25 29 (219094)
12 16 18 27 41 (219079)
12 16 17 18 27 41 (219057)
15 24 (219031)
15 17 24 (219009)
18 43 59 (219004)
17 18 43 59 (218983)
12 16 21 25 (218982)
12 16 17 21 25 (218957)
12 18 43 59 (218951)
18 22 31 (218946)
17 18 22 31 (218931)
12 17 18 43 59 (218930)
12 16 25 29 (218925)
16 21 59 (218899)
12 16 17 25 29 (218899)
16 17 21 59 (218878)
12 24 28 (218871)
12 18 22 31 (218857)
12 17 24 28 (218850)
12 16 21 59 (218848)
12 17 18 22 31 (218842)
12 16 17 21 59 (218827)
16 24 31 43 (218751)
16 17 24 31 43 (218734)
16 18 21 25 (218631)
12 15 24 (218631)
12 16 24 31 43 (218617)
12 15 17 24 (218609)
16 17 18 21 25 (218606)
12 16 17 24 31 43 (218600)
16 18 25 29 (218548)
16 28 29 31 (218527)
16 17 18 25 29 (218522)
12 16 18 21 25 (218511)
16 17 28 29 31 (218504)
12 16 17 18 21 25 (218486)
16 18 21 59 (218469)
16 17 18 21 59 (218448)
12 16 18 25 29 (218432)
18 24 28 (218424)
12 16 18 21 59 (218419)
12 16 28 29 31 (218411)
12 16 17 18 25 29 (218406)
17 18 24 28 (218403)
12 16 17 18 21 59 (218398)
12 16 17 28 29 31 (218388)
12 18 24 28 (218335)
12 17 18 24 28 (218314)
16 18 24 31 43 (218306)
16 17 18 24 31 43 (218289)
15 27 31 (218282)
15 17 27 31 (218261)
15 18 24 (218249)
15 17 18 24 (218227)
12 16 18 24 31 43 (218213)
12 16 17 18 24 31 43 (218196)
16 31 41 43 (218188)
16 17 31 41 43 (218167)
12 15 18 24 (218163)
12 15 17 18 24 (218141)
12 16 31 41 43 (218088)
12 16 17 31 41 43 (218067)
16 18 28 29 31 (217979)
21 31 59 (217973)
16 17 18 28 29 31 (217956)
17 21 31 59 (217954)
12 15 27 31 (217945)
12 15 17 27 31 (217924)
16 24 31 8 (217919)
12 21 31 59 (217910)
16 17 24 31 8 (217904)
12 16 18 28 29 31 (217901)
12 17 21 31 59 (217891)
12 16 17 18 28 29 31 (217878)
12 16 24 31 8 (217780)
12 16 17 24 31 8 (217765)
16 18 31 41 43 (217741)
16 17 18 31 41 43 (217720)
12 16 18 31 41 43 (217678)
15 28 (217673)
12 16 17 18 31 41 43 (217657)
15 18 27 31 (217647)
15 17 28 (217646)
15 17 18 27 31 (217626)
12 15 18 27 31 (217584)
12 15 17 18 27 31 (217563)
18 21 31 59 (217561)
17 18 21 31 59 (217542)
12 18 21 31 59 (217505)
12 17 18 21 31 59 (217486)
16 18 24 31 8 (217467)
16 17 18 24 31 8 (217452)
12 16 18 24 31 8 (217373)
12 16 17 18 24 31 8 (217358)
12 15 28 (217312)
12 15 17 28 (217285)
15 16 31 43 (217283)
15 16 17 31 43 (217259)
12 15 16 31 43 (217156)
12 15 16 17 31 43 (217132)
21 24 27 (216911)
17 21 24 27 (216891)
16 21 27 31 43 (216891)
16 17 21 27 31 43 (216870)
15 18 28 (216837)
15 16 18 31 43 (216825)
15 17 18 28 (216810)
16 27 28 (216802)
15 16 17 18 31 43 (216801)
16 17 27 28 (216778)
12 15 18 28 (216770)
12 16 21 27 31 43 (216768)
12 15 16 18 31 43 (216750)
12 16 17 21 27 31 43 (216747)
12 15 17 18 28 (216743)
16 28 31 43 (216735)
12 15 16 17 18 31 43 (216726)
16 17 28 31 43 (216713)
41 59 (216707)
15 16 21 27 (216702)
12 16 27 28 (216690)
17 41 59 (216686)
15 16 17 21 27 (216675)
12 16 17 27 28 (216666)
12 41 59 (216663)
27 31 41 (216648)
12 17 41 59 (216642)
17 27 31 41 (216629)
12 16 28 31 43 (216622)
12 16 17 28 31 43 (216600)
12 21 24 27 (216574)
12 15 16 21 27 (216572)
12 17 21 24 27 (216554)
12 15 16 17 21 27 (216545)
16 18 21 27 31 43 (216503)
16 17 18 21 27 31 43 (216482)
12 16 18 21 27 31 43 (216419)
12 16 17 18 21 27 31 43 (216398)
12 27 31 41 (216376)
12 17 27 31 41 (216357)
21 29 31 43 (216278)
18 41 59 (216276)
16 18 27 28 (216268)
18 21 24 27 (216260)
17 18 41 59 (216255)
17 21 29 31 43 (216254)
16 18 28 31 43 (216245)
16 17 18 27 28 (216244)
17 18 21 24 27 (216240)
15 16 18 21 27 (216238)
12 18 41 59 (216236)
16 17 18 28 31 43 (216223)
12 17 18 41 59 (216215)
15 16 17 18 21 27 (216211)
12 16 18 27 28 (216201)
12 16 17 18 27 28 (216177)
12 16 18 28 31 43 (216171)
12 15 16 18 21 27 (216168)
12 18 21 24 27 (216163)
12 16 17 18 28 31 43 (216149)
12 17 18 21 24 27 (216143)
12 15 16 17 18 21 27 (216141)
21 24 29 (216130)
17 21 24 29 (216108)
16 43 59 (216068)
18 27 31 41 (216062)
16 17 43 59 (216047)
17 18 27 31 41 (216043)
12 16 43 59 (216019)
12 18 27 31 41 (216006)
12 16 17 43 59 (215998)
12 17 18 27 31 41 (215987)
16 29 59 (215958)
12 21 29 31 43 (215958)
16 17 29 59 (215937)
12 17 21 29 31 43 (215934)
12 16 29 59 (215908)
12 16 17 29 59 (215887)
16 22 31 (215882)
16 17 22 31 (215867)
12 16 22 31 (215801)
12 16 17 22 31 (215786)
12 21 24 29 (215780)
12 17 21 24 29 (215758)
16 18 43 59 (215669)
18 21 29 31 43 (215652)
16 17 18 43 59 (215648)
17 18 21 29 31 43 (215628)
12 16 18 43 59 (215621)
12 16 17 18 43 59 (215600)
15 41 (215555)
12 18 21 29 31 43 (215550)
15 17 41 (215531)
12 17 18 21 29 31 43 (215526)
16 18 29 59 (215518)
16 17 18 29 59 (215497)
16 18 22 31 (215491)
16 17 18 22 31 (215476)
12 16 18 29 59 (215469)
14 (215464)
14 17 (215456)
12 16 17 18 29 59 (215448)
12 16 18 22 31 (215410)
18 21 24 29 (215409)
12 16 17 18 22 31 (215395)
17 18 21 24 29 (215387)
12 14 (215304)
12 14 17 (215296)
12 18 21 24 29 (215294)
12 17 18 21 24 29 (215272)
16 63 (215253)
15 21 29 (215250)
14 18 (215244)
14 17 18 (215236)
12 15 41 (215228)
16 17 63 (215227)
15 17 21 29 (215220)
12 15 17 41 (215204)
12 14 18 (215184)
12 14 17 18 (215176)
12 16 63 (215103)
12 16 17 63 (215077)
28 41 (215060)
15 16 27 31 (215055)
17 28 41 (215037)
15 16 17 27 31 (215034)
12 15 16 27 31 (214948)
12 15 16 17 27 31 (214927)
12 15 21 29 (214852)
15 18 41 (214837)
12 15 17 21 29 (214822)
15 17 18 41 (214813)
12 28 41 (214807)
12 17 28 41 (214784)
12 15 18 41 (214783)
21 27 41 (214774)
12 15 17 18 41 (214759)
17 21 27 41 (214752)
16 18 63 (214747)
16 17 18 63 (214721)
15 16 18 27 31 (214649)
12 16 18 63 (214648)
15 16 17 18 27 31 (214628)
12 16 17 18 63 (214622)
29 31 59 (214594)
12 15 16 18 27 31 (214588)
17 29 31 59 (214575)
12 15 16 17 18 27 31 (214567)
12 29 31 59 (214533)
16 21 31 59 (214528)
12 17 29 31 59 (214514)
16 17 21 31 59 (214509)
12 21 27 41 (214502)
12 17 21 27 41 (214480)
12 16 21 31 59 (214478)
15 18 21 29 (214467)
12 16 17 21 31 59 (214459)
15 17 18 21 29 (214437)
12 15 18 21 29 (214375)
18 28 41 (214362)
12 15 17 18 21 29 (214345)
17 18 28 41 (214339)
12 18 28 41 (214304)
12 17 18 28 41 (214281)
14 16 (214280)
14 16 17 (214272)
15 16 24 (214195)
18 29 31 59 (214175)
15 16 17 24 (214173)
18 21 27 41 (214164)
17 18 29 31 59 (214156)
24 41 (214152)
12 14 16 (214146)
17 18 21 27 41 (214142)
12 14 16 17 (214138)
17 24 41 (214134)
16 18 21 31 59 (214124)
12 18 29 31 59 (214120)
12 18 21 27 41 (214106)
16 17 18 21 31 59 (214105)
12 17 18 29 31 59 (214101)
12 17 18 21 27 41 (214084)
14 16 18 (214080)
12 16 18 21 31 59 (214075)
14 16 17 18 (214072)
12 16 17 18 21 31 59 (214056)
12 15 16 24 (214046)
31 43 59 (214038)
12 14 16 18 (214026)
12 15 16 17 24 (214024)
17 31 43 59 (214019)
12 14 16 17 18 (214018)
12 31 43 59 (213982)
12 17 31 43 59 (213963)
12 24 41 (213863)
12 17 24 41 (213845)
27 29 43 (213817)
17 27 29 43 (213791)
15 16 18 24 (213660)
18 31 43 59 (213657)
17 18 31 43 59 (213638)
15 16 17 18 24 (213638)
12 18 31 43 59 (213605)
12 17 18 31 43 59 (213586)
12 15 16 18 24 (213580)
