1015
85 (8124)
86 (7924)
85 86 (7924)
34 85 (7914)
34 (7914)
34 86 (7906)
34 85 86 (7906)
90 (7488)
85 90 (7488)
34 90 (7296)
34 85 90 (7296)
86 90 (7288)
85 86 90 (7288)
34 86 90 (7288)
34 85 86 90 (7288)
36 85 (6812)
36 (6812)
36 86 (6620)
36 85 86 (6620)
34 36 86 (6602)
34 36 85 86 (6602)
34 36 85 (6602)
34 36 (6602)
36 90 (6464)
36 85 90 (6464)
36 86 90 (6272)
36 85 86 90 (6272)
34 36 90 (6272)
34 36 86 90 (6272)
34 36 85 90 (6272)
34 36 85 86 90 (6272)
39 85 (5612)
39 (5612)
39 86 (5420)
39 85 86 (5420)
34 39 86 (5402)
34 39 85 86 (5402)
34 39 85 (5402)
34 39 (5402)
59 85 (5176)
59 (5176)
59 86 (4984)
59 85 86 (4984)
34 59 86 (4984)
34 59 85 86 (4984)
34 59 85 (4984)
34 59 (4984)
39 90 (4976)
39 85 90 (4976)
63 85 (4936)
63 (4936)
39 86 90 (4784)
39 85 86 90 (4784)
34 39 90 (4784)
34 39 86 90 (4784)
34 39 85 90 (4784)
34 39 85 86 90 (4784)
24 85 (4748)
24 (4748)
63 86 (4744)
63 85 86 (4744)
34 63 86 (4744)
34 63 85 86 (4744)
34 63 85 (4744)
34 63 (4744)
59 90 (4736)
59 85 90 (4736)
53 90 (4608)
53 86 90 (4608)
53 86 (4608)
53 85 90 (4608)
53 85 86 90 (4608)
53 85 86 (4608)
53 85 (4608)
53 (4608)
34 53 90 (4608)
34 53 86 90 (4608)
34 53 86 (4608)
34 53 85 90 (4608)
34 53 85 86 90 (4608)
34 53 85 86 (4608)
34 53 85 (4608)
34 53 (4608)
36 39 85 (4556)
36 39 (4556)
24 86 (4548)
24 85 86 (4548)
59 86 90 (4544)
59 85 86 90 (4544)
34 59 90 (4544)
34 59 86 90 (4544)
34 59 85 90 (4544)
34 59 85 86 90 (4544)
24 34 85 (4538)
24 34 (4538)
24 34 86 (4530)
24 34 85 86 (4530)
63 90 (4496)
63 85 90 (4496)
67 86 (4464)
67 85 86 (4464)
67 85 (4464)
67 (4464)
34 67 86 (4464)
34 67 85 86 (4464)
34 67 85 (4464)
34 67 (4464)
36 59 85 (4424)
36 59 (4424)
24 90 (4408)
24 85 90 (4408)
76 86 (4384)
76 85 86 (4384)
76 85 (4384)
76 (4384)
34 76 86 (4384)
34 76 85 86 (4384)
34 76 85 (4384)
34 76 (4384)
36 39 86 (4364)
36 39 85 86 (4364)
34 36 39 86 (4346)
34 36 39 85 86 (4346)
34 36 39 85 (4346)
34 36 39 (4346)
63 86 90 (4304)
63 85 86 90 (4304)
34 63 90 (4304)
34 63 86 90 (4304)
34 63 85 90 (4304)
34 63 85 86 90 (4304)
36 59 86 (4232)
36 59 85 86 (4232)
34 36 59 86 (4232)
34 36 59 85 86 (4232)
34 36 59 85 (4232)
34 36 59 (4232)
24 34 90 (4216)
24 34 85 90 (4216)
36 39 90 (4208)
36 39 85 90 (4208)
24 86 90 (4208)
24 85 86 90 (4208)
24 34 86 90 (4208)
24 34 85 86 90 (4208)
2 85 (4208)
2 (4208)
36 63 85 (4184)
36 63 (4184)
59 63 85 (4156)
59 63 (4156)
36 59 90 (4128)
36 59 85 90 (4128)
110 (4040)
85 110 (4040)
36 39 86 90 (4016)
36 39 85 86 90 (4016)
34 36 39 90 (4016)
34 36 39 86 90 (4016)
34 36 39 85 90 (4016)
34 36 39 85 86 90 (4016)
2 86 (4016)
2 85 86 (4016)
2 34 86 (4016)
2 34 85 86 (4016)
2 34 85 (4016)
2 34 (4016)
36 63 86 (3992)
36 63 85 86 (3992)
34 36 63 86 (3992)
34 36 63 85 86 (3992)
34 36 63 85 (3992)
34 36 63 (3992)
67 90 (3976)
67 86 90 (3976)
67 85 90 (3976)
67 85 86 90 (3976)
34 67 90 (3976)
34 67 86 90 (3976)
34 67 85 90 (3976)
34 67 85 86 90 (3976)
93 (3968)
85 93 (3968)
59 63 86 (3964)
59 63 85 86 (3964)
34 59 63 86 (3964)
34 59 63 85 86 (3964)
34 59 63 85 (3964)
34 59 63 (3964)
90 110 (3952)
85 90 110 (3952)
86 110 (3944)
85 86 110 (3944)
34 110 (3944)
34 86 110 (3944)
34 85 110 (3944)
34 85 86 110 (3944)
36 59 86 90 (3936)
36 59 85 86 90 (3936)
34 36 59 90 (3936)
34 36 59 86 90 (3936)
34 36 59 85 90 (3936)
34 36 59 85 86 90 (3936)
2 39 85 (3920)
2 39 (3920)
1 85 (3916)
1 (3916)
1 86 (3908)
1 85 86 (3908)
1 34 85 (3898)
1 34 (3898)
76 90 (3896)
76 86 90 (3896)
76 85 90 (3896)
76 85 86 90 (3896)
34 76 90 (3896)
34 76 86 90 (3896)
34 76 85 90 (3896)
34 76 85 86 90 (3896)
1 34 86 (3890)
1 34 85 86 (3890)
36 63 90 (3888)
36 63 85 90 (3888)
86 90 110 (3856)
85 86 90 110 (3856)
34 90 110 (3856)
34 86 90 110 (3856)
34 85 90 110 (3856)
34 85 86 90 110 (3856)
36 110 (3848)
36 85 110 (3848)
1 90 (3808)
1 85 90 (3808)
1 34 90 (3808)
1 34 85 90 (3808)
1 36 86 (3804)
1 36 85 86 (3804)
1 36 85 (3804)
1 36 (3804)
1 86 90 (3800)
1 85 86 90 (3800)
1 34 86 90 (3800)
1 34 85 86 90 (3800)
59 63 90 (3788)
59 63 85 90 (3788)
1 34 36 86 (3786)
1 34 36 85 86 (3786)
1 34 36 85 (3786)
1 34 36 (3786)
86 93 (3776)
85 86 93 (3776)
56 86 (3776)
56 85 86 (3776)
56 85 (3776)
56 (3776)
34 93 (3776)
34 86 93 (3776)
34 85 93 (3776)
34 85 86 93 (3776)
34 56 86 (3776)
34 56 85 86 (3776)
34 56 85 (3776)
34 56 (3776)
36 90 110 (3760)
36 85 90 110 (3760)
36 86 110 (3752)
36 85 86 110 (3752)
34 36 110 (3752)
34 36 86 110 (3752)
34 36 85 110 (3752)
34 36 85 86 110 (3752)
36 53 90 (3744)
36 53 86 90 (3744)
36 53 86 (3744)
36 53 85 90 (3744)
36 53 85 86 90 (3744)
36 53 85 86 (3744)
36 53 85 (3744)
36 53 (3744)
34 36 53 90 (3744)
34 36 53 86 90 (3744)
34 36 53 86 (3744)
34 36 53 85 90 (3744)
34 36 53 85 86 90 (3744)
34 36 53 85 86 (3744)
34 36 53 85 (3744)
34 36 53 (3744)
2 39 86 (3728)
2 39 85 86 (3728)
2 34 39 86 (3728)
2 34 39 85 86 (3728)
2 34 39 85 (3728)
2 34 39 (3728)
36 63 86 90 (3696)
36 63 85 86 90 (3696)
34 36 63 90 (3696)
34 36 63 86 90 (3696)
34 36 63 85 90 (3696)
34 36 63 85 86 90 (3696)
1 36 90 (3696)
1 36 86 90 (3696)
1 36 85 90 (3696)
1 36 85 86 90 (3696)
1 34 36 90 (3696)
1 34 36 86 90 (3696)
1 34 36 85 90 (3696)
1 34 36 85 86 90 (3696)
36 59 63 85 (3680)
36 59 63 (3680)
2 90 (3680)
2 85 90 (3680)
59 93 (3664)
59 85 93 (3664)
36 86 90 110 (3664)
36 85 86 90 110 (3664)
34 36 90 110 (3664)
34 36 86 90 110 (3664)
34 36 85 90 110 (3664)
34 36 85 86 90 110 (3664)
56 90 (3656)
56 86 90 (3656)
56 85 90 (3656)
56 85 86 90 (3656)
34 56 90 (3656)
34 56 86 90 (3656)
34 56 85 90 (3656)
34 56 85 86 90 (3656)
3 85 (3656)
3 (3656)
2 59 85 (3640)
2 59 (3640)
3 86 (3608)
3 85 86 (3608)
3 34 86 (3602)
3 34 85 86 (3602)
3 34 85 (3602)
3 34 (3602)
59 63 86 90 (3596)
59 63 85 86 90 (3596)
34 59 63 90 (3596)
34 59 63 86 90 (3596)
34 59 63 85 90 (3596)
34 59 63 85 86 90 (3596)
39 59 85 (3592)
39 59 (3592)
90 93 (3560)
85 90 93 (3560)
24 36 85 (3540)
24 36 (3540)
36 56 86 (3528)
36 56 85 86 (3528)
36 56 85 (3528)
36 56 (3528)
34 36 56 86 (3528)
34 36 56 85 86 (3528)
34 36 56 85 (3528)
34 36 56 (3528)
28 85 (3528)
28 (3528)
67 76 86 (3520)
67 76 85 86 (3520)
67 76 85 (3520)
67 76 (3520)
34 67 76 86 (3520)
34 67 76 85 86 (3520)
34 67 76 85 (3520)
34 67 76 (3520)
52 85 (3516)
52 (3516)
36 59 63 86 (3488)
36 59 63 85 86 (3488)
34 36 59 63 86 (3488)
34 36 59 63 85 86 (3488)
34 36 59 63 85 (3488)
34 36 59 63 (3488)
24 36 90 (3488)
24 36 85 90 (3488)
2 86 90 (3488)
2 85 86 90 (3488)
2 34 90 (3488)
2 34 86 90 (3488)
2 34 85 90 (3488)
2 34 85 86 90 (3488)
36 93 (3480)
36 85 93 (3480)
63 93 (3472)
63 85 93 (3472)
59 86 93 (3472)
59 85 86 93 (3472)
34 59 93 (3472)
34 59 86 93 (3472)
34 59 85 93 (3472)
34 59 85 86 93 (3472)
3 90 (3464)
3 85 90 (3464)
2 59 86 (3448)
2 59 85 86 (3448)
2 34 59 86 (3448)
2 34 59 85 86 (3448)
2 34 59 85 (3448)
2 34 59 (3448)
39 56 86 (3432)
39 56 85 86 (3432)
39 56 85 (3432)
39 56 (3432)
36 39 56 86 (3432)
36 39 56 85 86 (3432)
36 39 56 85 (3432)
36 39 56 (3432)
34 39 56 86 (3432)
34 39 56 85 86 (3432)
34 39 56 85 (3432)
34 39 56 (3432)
34 36 39 56 86 (3432)
34 36 39 56 85 86 (3432)
34 36 39 56 85 (3432)
34 36 39 56 (3432)
59 90 93 (3416)
59 85 90 93 (3416)
3 86 90 (3416)
3 85 86 90 (3416)
3 34 90 (3416)
3 34 86 90 (3416)
3 34 85 90 (3416)
3 34 85 86 90 (3416)
36 56 90 (3408)
36 56 86 90 (3408)
36 56 85 90 (3408)
36 56 85 86 90 (3408)
34 36 56 90 (3408)
34 36 56 86 90 (3408)
34 36 56 85 90 (3408)
34 36 56 85 86 90 (3408)
2 28 85 (3408)
2 28 (3408)
39 63 85 (3400)
39 63 (3400)
39 59 86 (3400)
39 59 85 86 (3400)
34 39 59 86 (3400)
34 39 59 85 86 (3400)
34 39 59 85 (3400)
34 39 59 (3400)
2 63 85 (3400)
2 63 (3400)
2 39 90 (3392)
2 39 85 90 (3392)
36 59 63 90 (3384)
36 59 63 85 90 (3384)
23 86 (3376)
23 85 86 (3376)
23 85 (3376)
23 34 86 (3376)
23 34 85 86 (3376)
23 34 85 (3376)
23 34 (3376)
23 (3376)
2 39 59 85 (3376)
2 39 59 (3376)
86 90 93 (3368)
85 86 90 93 (3368)
34 90 93 (3368)
34 86 90 93 (3368)
34 85 90 93 (3368)
34 85 86 90 93 (3368)
36 90 93 (3360)
36 85 90 93 (3360)
24 36 86 (3348)
24 36 85 86 (3348)
28 34 85 (3336)
28 34 (3336)
24 34 36 86 (3330)
24 34 36 85 86 (3330)
24 34 36 85 (3330)
24 34 36 (3330)
59 63 93 (3328)
59 63 85 93 (3328)
28 86 (3328)
28 85 86 (3328)
28 34 86 (3328)
28 34 85 86 (3328)
39 93 (3320)
39 85 93 (3320)
36 59 93 (3320)
36 59 85 93 (3320)
52 86 (3316)
52 85 86 (3316)
39 56 90 (3312)
39 56 86 90 (3312)
39 56 85 90 (3312)
39 56 85 86 90 (3312)
36 39 56 90 (3312)
36 39 56 86 90 (3312)
36 39 56 85 90 (3312)
36 39 56 85 86 90 (3312)
34 39 56 90 (3312)
34 39 56 86 90 (3312)
34 39 56 85 90 (3312)
34 39 56 85 86 90 (3312)
34 36 39 56 90 (3312)
34 36 39 56 86 90 (3312)
34 36 39 56 85 90 (3312)
34 36 39 56 85 86 90 (3312)
34 52 85 (3306)
34 52 (3306)
59 67 86 (3304)
59 67 85 86 (3304)
59 67 85 (3304)
59 67 (3304)
34 59 67 86 (3304)
34 59 67 85 86 (3304)
34 59 67 85 (3304)
34 59 67 (3304)
34 52 86 (3298)
34 52 85 86 (3298)
24 36 86 90 (3296)
24 36 85 86 90 (3296)
24 34 36 90 (3296)
24 34 36 86 90 (3296)
24 34 36 85 90 (3296)
24 34 36 85 86 90 (3296)
1 24 85 (3292)
1 24 (3292)
36 86 93 (3288)
36 85 86 93 (3288)
34 36 93 (3288)
34 36 86 93 (3288)
34 36 85 93 (3288)
34 36 85 86 93 (3288)
28 39 85 (3288)
28 39 (3288)
1 24 86 (3284)
1 24 85 86 (3284)
63 86 93 (3280)
63 85 86 93 (3280)
59 76 86 (3280)
59 76 85 86 (3280)
59 76 85 (3280)
59 76 (3280)
34 63 93 (3280)
34 63 86 93 (3280)
34 63 85 93 (3280)
34 63 85 86 93 (3280)
34 59 76 86 (3280)
34 59 76 85 86 (3280)
34 59 76 85 (3280)
34 59 76 (3280)
1 24 34 85 (3274)
1 24 34 (3274)
23 36 86 (3272)
23 36 85 86 (3272)
23 36 85 (3272)
23 36 (3272)
23 34 36 86 (3272)
23 34 36 85 86 (3272)
23 34 36 85 (3272)
23 34 36 (3272)
2 59 90 (3272)
2 59 85 90 (3272)
1 24 34 86 (3266)
1 24 34 85 86 (3266)
1 24 90 (3256)
1 24 85 90 (3256)
1 24 34 90 (3256)
1 24 34 85 90 (3256)
1 24 86 90 (3248)
1 24 85 86 90 (3248)
1 24 34 86 90 (3248)
1 24 34 85 86 90 (3248)
10 85 (3244)
10 (3244)
10 86 (3236)
10 85 86 (3236)
23 59 86 (3232)
23 59 85 86 (3232)
23 59 85 (3232)
23 59 (3232)
23 34 59 86 (3232)
23 34 59 85 86 (3232)
23 34 59 85 (3232)
23 34 59 (3232)
10 34 85 (3226)
10 34 (3226)
63 90 93 (3224)
63 85 90 93 (3224)
59 86 90 93 (3224)
59 85 86 90 93 (3224)
34 59 90 93 (3224)
34 59 86 90 93 (3224)
34 59 85 90 93 (3224)
34 59 85 86 90 93 (3224)
10 34 86 (3218)
10 34 85 86 (3218)
53 63 90 (3216)
53 63 86 90 (3216)
53 63 86 (3216)
53 63 85 90 (3216)
53 63 85 86 90 (3216)
53 63 85 86 (3216)
53 63 85 (3216)
53 63 (3216)
53 59 90 (3216)
53 59 86 90 (3216)
53 59 86 (3216)
53 59 85 90 (3216)
53 59 85 86 90 (3216)
53 59 85 86 (3216)
53 59 85 (3216)
53 59 (3216)
36 59 90 93 (3216)
36 59 85 90 93 (3216)
34 53 63 90 (3216)
34 53 63 86 90 (3216)
34 53 63 86 (3216)
34 53 63 85 90 (3216)
34 53 63 85 86 90 (3216)
34 53 63 85 86 (3216)
34 53 63 85 (3216)
34 53 63 (3216)
34 53 59 90 (3216)
34 53 59 86 90 (3216)
34 53 59 86 (3216)
34 53 59 85 90 (3216)
34 53 59 85 86 90 (3216)
34 53 59 85 86 (3216)
34 53 59 85 (3216)
34 53 59 (3216)
2 28 86 (3216)
2 28 85 86 (3216)
2 28 39 85 (3216)
2 28 39 (3216)
2 28 34 86 (3216)
2 28 34 85 86 (3216)
2 28 34 85 (3216)
2 28 34 (3216)
39 63 86 (3208)
39 63 85 86 (3208)
34 39 63 86 (3208)
34 39 63 85 86 (3208)
34 39 63 85 (3208)
34 39 63 (3208)
10 36 86 (3208)
10 36 85 86 (3208)
10 36 85 (3208)
10 36 (3208)
2 63 86 (3208)
2 63 85 86 (3208)
2 34 63 86 (3208)
2 34 63 85 86 (3208)
2 34 63 85 (3208)
2 34 63 (3208)
2 39 86 90 (3200)
2 39 85 86 90 (3200)
2 34 39 90 (3200)
2 34 39 86 90 (3200)
2 34 39 85 90 (3200)
2 34 39 85 86 90 (3200)
36 59 63 86 90 (3192)
36 59 63 85 86 90 (3192)
34 36 59 63 90 (3192)
34 36 59 63 86 90 (3192)
34 36 59 63 85 90 (3192)
34 36 59 63 85 86 90 (3192)
10 34 36 86 (3190)
10 34 36 85 86 (3190)
10 34 36 85 (3190)
10 34 36 (3190)
1 24 36 86 (3188)
1 24 36 85 86 (3188)
1 24 36 85 (3188)
1 24 36 (3188)
23 93 (3184)
23 86 93 (3184)
23 85 93 (3184)
23 85 86 93 (3184)
23 34 93 (3184)
23 34 86 93 (3184)
23 34 85 93 (3184)
23 34 85 86 93 (3184)
2 39 63 85 (3184)
2 39 63 (3184)
2 39 59 86 (3184)
2 39 59 85 86 (3184)
2 34 39 59 86 (3184)
2 34 39 59 85 86 (3184)
2 34 39 59 85 (3184)
2 34 39 59 (3184)
1 24 34 36 86 (3170)
1 24 34 36 85 86 (3170)
1 24 34 36 85 (3170)
1 24 34 36 (3170)
36 86 90 93 (3168)
36 85 86 90 93 (3168)
34 36 90 93 (3168)
34 36 86 90 93 (3168)
34 36 85 90 93 (3168)
34 36 85 86 90 93 (3168)
36 67 86 (3160)
36 67 85 86 (3160)
36 67 85 (3160)
36 67 (3160)
34 36 67 86 (3160)
34 36 67 85 86 (3160)
34 36 67 85 (3160)
34 36 67 (3160)
59 63 90 93 (3152)
59 63 85 90 93 (3152)
39 59 90 (3152)
39 59 85 90 (3152)
6 85 (3152)
6 (3152)
2 93 (3152)
2 85 93 (3152)
1 24 36 90 (3152)
1 24 36 86 90 (3152)
1 24 36 85 90 (3152)
1 24 36 85 86 90 (3152)
1 24 34 36 90 (3152)
1 24 34 36 86 90 (3152)
1 24 34 36 85 90 (3152)
1 24 34 36 85 86 90 (3152)
116 (3148)
86 116 (3148)
85 116 (3148)
85 86 116 (3148)
59 63 86 93 (3136)
59 63 85 86 93 (3136)
34 59 63 93 (3136)
34 59 63 86 93 (3136)
34 59 63 85 93 (3136)
34 59 63 85 86 93 (3136)
34 116 (3130)
34 86 116 (3130)
34 85 116 (3130)
34 85 86 116 (3130)
39 86 93 (3128)
39 85 86 93 (3128)
36 76 86 (3128)
36 76 85 86 (3128)
36 76 85 (3128)
36 76 (3128)
36 63 93 (3128)
36 63 85 93 (3128)
36 59 86 93 (3128)
36 59 85 86 93 (3128)
34 39 93 (3128)
34 39 86 93 (3128)
34 39 85 93 (3128)
34 39 85 86 93 (3128)
34 36 76 86 (3128)
34 36 76 85 86 (3128)
34 36 76 85 (3128)
34 36 76 (3128)
34 36 59 93 (3128)
34 36 59 86 93 (3128)
34 36 59 85 93 (3128)
34 36 59 85 86 93 (3128)
23 36 59 86 (3128)
23 36 59 85 86 (3128)
23 36 59 85 (3128)
23 36 59 (3128)
23 34 36 59 86 (3128)
23 34 36 59 85 86 (3128)
23 34 36 59 85 (3128)
23 34 36 59 (3128)
2 59 63 85 (3124)
2 59 63 (3124)
90 116 (3104)
86 90 116 (3104)
85 90 116 (3104)
85 86 90 116 (3104)
34 90 116 (3104)
34 86 90 116 (3104)
34 85 90 116 (3104)
34 85 86 90 116 (3104)
6 86 (3102)
6 85 86 (3102)
6 34 85 (3098)
6 34 (3098)
28 39 86 (3096)
28 39 85 86 (3096)
28 34 39 86 (3096)
28 34 39 85 86 (3096)
28 34 39 85 (3096)
28 34 39 (3096)
6 34 86 (3096)
6 34 85 86 (3096)
67 76 90 (3080)
67 76 86 90 (3080)
67 76 85 90 (3080)
67 76 85 86 90 (3080)
34 67 76 90 (3080)
34 67 76 86 90 (3080)
34 67 76 85 90 (3080)
34 67 76 85 86 90 (3080)
23 90 93 (3080)
23 90 (3080)
23 86 90 93 (3080)
23 86 90 (3080)
23 85 90 93 (3080)
23 85 90 (3080)
23 85 86 90 93 (3080)
23 85 86 90 (3080)
23 36 93 (3080)
23 36 86 93 (3080)
23 36 85 93 (3080)
23 36 85 86 93 (3080)
23 34 90 93 (3080)
23 34 90 (3080)
23 34 86 90 93 (3080)
23 34 86 90 (3080)
23 34 85 90 93 (3080)
23 34 85 90 (3080)
23 34 85 86 90 93 (3080)
23 34 85 86 90 (3080)
23 34 36 93 (3080)
23 34 36 86 93 (3080)
23 34 36 85 93 (3080)
23 34 36 85 86 93 (3080)
2 59 86 90 (3080)
2 59 85 86 90 (3080)
2 34 59 90 (3080)
2 34 59 86 90 (3080)
2 34 59 85 90 (3080)
2 34 59 85 86 90 (3080)
36 52 85 (3068)
36 52 (3068)
63 67 86 (3064)
63 67 85 86 (3064)
63 67 85 (3064)
63 67 (3064)
39 59 63 85 (3064)
39 59 63 (3064)
36 39 59 85 (3064)
36 39 59 (3064)
34 63 67 86 (3064)
34 63 67 85 86 (3064)
34 63 67 85 (3064)
34 63 67 (3064)
36 59 63 93 (3056)
36 59 63 85 93 (3056)
10 90 (3052)
10 85 90 (3052)
10 34 90 (3052)
10 34 85 90 (3052)
10 86 90 (3044)
10 85 86 90 (3044)
10 34 86 90 (3044)
10 34 85 86 90 (3044)
63 76 86 (3040)
63 76 85 86 (3040)
63 76 85 (3040)
63 76 (3040)
34 63 76 86 (3040)
34 63 76 85 86 (3040)
34 63 76 85 (3040)
34 63 76 (3040)
23 63 86 (3040)
23 63 85 86 (3040)
23 63 85 (3040)
23 63 (3040)
23 59 93 (3040)
23 59 86 93 (3040)
23 59 85 93 (3040)
23 59 85 86 93 (3040)
23 34 63 86 (3040)
23 34 63 85 86 (3040)
23 34 63 85 (3040)
23 34 63 (3040)
23 34 59 93 (3040)
23 34 59 86 93 (3040)
23 34 59 85 93 (3040)
23 34 59 85 86 93 (3040)
63 86 90 93 (3032)
63 85 86 90 93 (3032)
36 39 93 (3032)
36 39 85 93 (3032)
34 63 90 93 (3032)
34 63 86 90 93 (3032)
34 63 85 90 93 (3032)
34 63 85 86 90 93 (3032)
2 63 90 (3032)
2 63 85 90 (3032)
36 63 90 93 (3024)
36 63 85 90 93 (3024)
36 59 86 90 93 (3024)
36 59 85 86 90 93 (3024)
34 36 59 90 93 (3024)
34 36 59 86 90 93 (3024)
34 36 59 85 90 93 (3024)
34 36 59 85 86 90 93 (3024)
2 28 39 86 (3024)
2 28 39 85 86 (3024)
2 28 34 39 86 (3024)
2 28 34 39 85 86 (3024)
2 28 34 39 85 (3024)
2 28 34 39 (3024)
6 90 (3020)
6 85 90 (3020)
39 59 93 (3016)
39 59 85 93 (3016)
23 39 86 (3016)
23 39 85 86 (3016)
23 39 85 (3016)
23 39 (3016)
23 36 39 86 (3016)
23 36 39 85 86 (3016)
23 36 39 85 (3016)
23 36 39 (3016)
23 34 39 86 (3016)
23 34 39 85 86 (3016)
23 34 39 85 (3016)
23 34 39 (3016)
23 34 36 39 86 (3016)
23 34 36 39 85 86 (3016)
23 34 36 39 85 (3016)
23 34 36 39 (3016)
10 36 90 (3016)
10 36 86 90 (3016)
10 36 85 90 (3016)
10 36 85 86 90 (3016)
10 34 36 90 (3016)
10 34 36 86 90 (3016)
10 34 36 85 90 (3016)
10 34 36 85 86 90 (3016)
3 36 85 (3016)
3 36 (3016)
2 39 59 90 (3008)
2 39 59 85 90 (3008)
2 36 85 (3008)
2 36 (3008)
2 59 93 (2992)
2 59 85 93 (2992)
2 39 63 86 (2992)
2 39 63 85 86 (2992)
2 36 59 85 (2992)
2 36 59 (2992)
2 34 39 63 86 (2992)
2 34 39 63 85 86 (2992)
2 34 39 63 85 (2992)
2 34 39 63 (2992)
23 36 90 93 (2976)
23 36 90 (2976)
23 36 86 90 93 (2976)
23 36 86 90 (2976)
23 36 85 90 93 (2976)
23 36 85 90 (2976)
23 36 85 86 90 93 (2976)
23 36 85 86 90 (2976)
23 34 36 90 93 (2976)
23 34 36 90 (2976)
23 34 36 86 90 93 (2976)
23 34 36 86 90 (2976)
23 34 36 85 90 93 (2976)
23 34 36 85 90 (2976)
23 34 36 85 86 90 93 (2976)
23 34 36 85 86 90 (2976)
6 34 90 (2972)
6 34 85 90 (2972)
6 86 90 (2970)
6 85 86 90 (2970)
6 34 86 90 (2970)
6 34 85 86 90 (2970)
23 59 63 86 (2968)
23 59 63 85 86 (2968)
23 59 63 85 (2968)
23 59 63 (2968)
23 34 59 63 86 (2968)
23 34 59 63 85 86 (2968)
23 34 59 63 85 (2968)
23 34 59 63 (2968)
3 36 86 (2968)
3 36 85 86 (2968)
3 34 36 86 (2962)
3 34 36 85 86 (2962)
3 34 36 85 (2962)
3 34 36 (2962)
59 67 90 (2960)
59 67 86 90 (2960)
59 67 85 90 (2960)
59 67 85 86 90 (2960)
59 63 86 90 93 (2960)
59 63 85 86 90 93 (2960)
39 63 90 (2960)
39 63 85 90 (2960)
39 59 86 90 (2960)
39 59 85 86 90 (2960)
36 67 90 (2960)
36 67 86 90 (2960)
36 67 85 90 (2960)
36 67 85 86 90 (2960)
34 59 67 90 (2960)
34 59 67 86 90 (2960)
34 59 67 85 90 (2960)
34 59 67 85 86 90 (2960)
34 59 63 90 93 (2960)
34 59 63 86 90 93 (2960)
34 59 63 85 90 93 (2960)
34 59 63 85 86 90 93 (2960)
34 39 59 90 (2960)
34 39 59 86 90 (2960)
34 39 59 85 90 (2960)
34 39 59 85 86 90 (2960)
34 36 67 90 (2960)
34 36 67 86 90 (2960)
34 36 67 85 90 (2960)
34 36 67 85 86 90 (2960)
2 86 93 (2960)
2 85 86 93 (2960)
2 39 93 (2960)
2 39 85 93 (2960)
2 34 93 (2960)
2 34 86 93 (2960)
2 34 85 93 (2960)
2 34 85 86 93 (2960)